184	0	5000.45	1.01136
788	0	5000.55	0.988959
-291	0	5000.75	-0.077939
-166	0	5002	-0.0770859
-161	0	5003.75	-0.0769247
159	0	5004.6	1.04022
-901	0	5007.6	-0.0819046
607	0	5007.75	1.13748
428	1	5008	1.11393
343	1	5009.4	0.966866
910	1	5009.5	1.03916
-471	0	5009.85	-0.0802112
419	0	5010.1	0.940689
-986	0	5010.2	-0.0804334
595	0	5011	1.02528
-586	0	5011.95	-0.0769826
598	0	5012	0.979272
-186	0	5012.1	-0.0791982
-801	0	5012.25	-0.0830955
222	0	5012.5	0.981491
-796	0	5012.55	-0.0803646
-121	0	5014.65	-0.0832444
177	1	5018.3	0.940549
-81	0	5020.15	-0.078047
-791	0	5020.75	-0.0801424
-641	0	5021.3	-0.0791974
-761	0	5021.6	-0.0829804
-736	0	5023.35	-0.0799767
934	0	5023.75	1.12219
117	0	5024.7	1.04138
-561	0	5025.6	-0.0777979
669	0	5027.4	0.997918
-466	0	5027.75	-0.0805563
-211	0	5029.05	-0.0795993
555	1	5031.6	1.08451
-801	0	5032.3	-0.0830955
804	1	5032.3	1.13095
-146	0	5032.7	-0.0834786
-721	0	5033.05	-0.0817729
728	0	5033.55	0.969708
-261	0	5034.1	-0.0827479
-531	0	5035.05	-0.0788477
554	0	5036.05	0.988697
94	0	5038.9	1.05826
305	0	5040	1.1259
302	0	5040.15	1.07226
978	0	5042.4	1.06893
-296	0	5043	-0.0799947
-596	0	5043.75	-0.0832185
149	0	5043.9	0.95835
482	0	5044.3	1.04012
169	1	5044.7	1.1131
10	0	5045.35	1.03081
-96	0	5045.45	-0.0785992
-636	0	5046.3	-0.0834511
720	0	5046.45	1.10862
-526	0	5048.5	-0.0765527
-246	0	5048.55	-0.0848732
230	0	5048.7	1.06752
-746	0	5050.8	-0.0847991
-36	0	5051	-0.0838789
-126	0	5052.45	-0.0796804
60	1	5052.5	1.08369
-501	0	5054.4	-0.0840713
-751	0	5054.45	-0.0797742
203	0	5054.7	1.08387
430	1	5055.05	1.0235
-676	0	5055.85	-0.0814852
-816	0	5055.85	-0.0848025
-671	0	5056.05	-0.077743
-61	0	5056.55	-0.0779352
-846	0	5056.7	-0.0786955
-571	0	5056.75	-0.0782535
-71	0	5057.25	-0.0767154
114	0	5058.45	0.977749
503	0	5058.6	1.05716
-436	0	5059.15	-0.077752
-366	0	5060	-0.080445
-806	0	5060.2	-0.07756
-601	0	5060.65	-0.0806346
-151	0	5061.1	-0.0808688
980	0	5062.05	1.05176
-991	0	5062.65	-0.0802974
912	1	5063.2	0.945843
279	0	5066.25	1.00854
-336	0	5066.45	-0.081515
-681	0	5067.35	-0.0841074
-536	0	5068.3	-0.0815387
-356	0	5069.3	-0.0802357
865	0	5069.95	1.0549
-836	0	5070.35	-0.0812977
-856	0	5072.1	-0.0818912
-41	0	5072.9	-0.0782433
-116	0	5073.65	-0.0765093
179	1	5075.1	0.985491
748	1	5076.1	1.0618
-371	0	5076.95	-0.0830738
34	0	5078.9	1.1259
742	1	5081.9	1.08657
377	1	5083.5	1.06283
-891	0	5083.5	-0.083865
-136	0	5085.45	-0.0835823
-871	0	5086.4	-0.078811
-141	0	5086.5	-0.0796677
-631	0	5086.9	-0.0797259
-16	0	5087.2	-0.0846133
-351	0	5087.25	-0.0791931
-156	0	5088.65	-0.0785435
-996	0	5088.8	-0.0806094
187	1	5088.95	0.966773
-56	0	5089.6	-0.079921
342	1	5090.45	0.948644
-881	0	5090.65	-0.0778933
-626	0	5090.7	-0.0837441
-26	0	5092.55	-0.0842228
-376	0	5094.3	-0.0783245
-391	0	5094.55	-0.0785597
-841	0	5095.15	-0.0840403
245	0	5097	0.95035
128	0	5097.75	1.06296
-646	0	5099.85	-0.0801935
479	0	5099.9	0.954515
434	0	5100.1	1.03142
554	0	5101.05	0.988697
338	0	5101.75	1.02544
30	0	5101.8	1.03736
615	0	5102.4	1.00192
155	1	5102.9	0.947662
-831	0	5103.25	-0.0790754
-771	0	5103.6	-0.0843127
-826	0	5103.85	-0.0811281
-496	0	5104.25	-0.0838531
139	0	5104.55	1.09089
-686	0	5105.15	-0.0797356
987	0	5106.8	1.06914
134	0	5107.6	0.963484
692	0	5108.65	1.11962
528	1	5108.9	1.10426
84	0	5110.95	1.13159
-71	0	5113.9	-0.0767154
227	1	5116.6	1.00869
35	0	5117.65	0.963773
-581	0	5118.15	-0.0806321
-656	0	5118.2	-0.0809305
662	1	5118.4	1.11219
180	0	5119.6	1.10633
360	0	5119.95	1.11284
-706	0	5121.75	-0.076859
272	0	5122.8	0.982139
-11	0	5123.4	-0.0839367
687	0	5125.35	1.09492
-981	0	5125.65	-0.0839822
-111	0	5125.8	-0.0812885
-66	0	5126.85	-0.0815999
433	0	5127.3	1.00174
-301	0	5130.8	-0.0789082
-601	0	5131	-0.0806346
-6	0	5131.05	-0.0838482
-181	0	5132.15	-0.0827706
624	0	5132.3	1.00852
157	1	5132.75	1.02966
-131	0	5133.6	-0.0817174
-411	0	5138.7	-0.0776873
-456	0	5139.45	-0.077531
-996	0	5139.9	-0.0806094
-556	0	5141.35	-0.0795285
-206	0	5144.4	-0.0782305
910	1	5145.2	1.03916
-941	0	5145.2	-0.0783142
-786	0	5146.7	-0.0828528
-186	0	5147.7	-0.0791982
-401	0	5148.15	-0.083864
-196	0	5148.55	-0.0781131
-756	0	5148.7	-0.0806693
-341	0	5148.95	-0.0807601
139	0	5150.95	1.09089
-311	0	5151	-0.0847118
-931	0	5151.8	-0.08171
-326	0	5152.2	-0.0825235
-726	0	5153.65	-0.0847117
-396	0	5154.35	-0.0766992
-31	0	5156.4	-0.0785865
-666	0	5157.1	-0.0785022
253	1	5157.9	1.11214
723	0	5158.15	1.01095
-346	0	5158.2	-0.076579
-441	0	5158.3	-0.0844552
418	1	5158.95	1.09116
-461	0	5159.9	-0.0783085
-451	0	5160.5	-0.078615
-551	0	5160.65	-0.0849242
-21	0	5161.3	-0.081437
265	0	5161.55	1.03986
-161	0	5161.9	-0.0769247
-51	0	5162.45	-0.0796811
742	1	5162.7	1.08657
-906	0	5163.3	-0.0846573
-896	0	5164.7	-0.0815361
-191	0	5165.8	-0.0765217
854	0	5166.7	1.07674
-416	0	5167.2	-0.0792779
-11	0	5167.3	-0.0839367
-66	0	5167.6	-0.0815999
842	0	5167.75	0.943472
24	1	5168.35	1.08677
-956	0	5169.5	-0.0828554
-321	0	5170.4	-0.077402
-506	0	5170.4	-0.0826672
-701	0	5171.35	-0.0825644
265	0	5171.45	1.03986
-361	0	5172.1	-0.0848789
-561	0	5172.45	-0.0777979
-166	0	5174.85	-0.0770859
-251	0	5174.9	-0.0810261
-711	0	5175.9	-0.080729
-851	0	5176.65	-0.07696
-546	0	5176.8	-0.0772397
69	0	5177.8	0.953684
85	0	5178.8	1.06872
303	0	5180.5	0.957389
-986	0	5180.75	-0.0804334
-696	0	5180.9	-0.0798877
-221	0	5181.35	-0.0776641
-576	0	5181.8	-0.0794072
284	0	5182.3	1.04419
-386	0	5183.1	-0.0788743
887	0	5184.55	0.990139
-661	0	5184.65	-0.0775699
-676	0	5186.3	-0.0814852
113	0	5186.4	1.06878
-476	0	5186.65	-0.0831101
-926	0	5186.75	-0.0785741
-921	0	5187.1	-0.0840521
-431	0	5188.3	-0.0772391
9	0	5188.65	1.09056
312	0	5189.5	1.07286
383	0	5192.55	1.03564
-46	0	5193	-0.0843666
-491	0	5193.45	-0.0772012
957	0	5194.05	1.08382
964	1	5195.15	1.03273
-611	0	5196.8	-0.0817533
22	0	5196.85	1.1092
377	1	5197.35	1.06283
-776	0	5197.5	-0.0780672
889	0	5197.85	0.997631
327	0	5199.3	1.0428
633	1	5199.75	1.10377
583	1	5200.2	1.10682
162	0	5200.8	1.02535
654	0	5200.85	1.02749
-606	0	5201.5	-0.0801924
-651	0	5202.05	-0.0800467
-171	0	5203.2	-0.0840537
704	0	5204	1.11639
514	0	5204.35	0.968745
523	0	5205.75	1.12508
-76	0	5205.8	-0.0765516
-101	0	5207.75	-0.078903
-446	0	5207.9	-0.0801002
-396	0	5209	-0.0766992
-861	0	5209.55	-0.081436
-621	0	5209.6	-0.0833915
212	0	5210.95	0.955102
-271	0	5211.05	-0.0768328
-821	0	5211.15	-0.0789073
738	1	5211.65	0.98492
-381	0	5212.1	-0.0812728
-691	0	5213.7	-0.079088
520	1	5215.7	1.04836
403	0	5216.75	0.950184
-86	0	5216.95	-0.0794516
58	1	5218	0.964232
-231	0	5218.4	-0.0823337
50	0	5218.85	1.05836
-331	0	5218.95	-0.0769736
-286	0	5219.5	-0.0782483
-406	0	5220.45	-0.0843524
-731	0	5223.2	-0.0833127
-911	0	5223.55	-0.07857
-166	0	5224.3	-0.0770859
-521	0	5224.6	-0.0772987
-651	0	5224.85	-0.0800467
485	0	5226.15	1.08524
42	0	5226.95	1.01782
-766	0	5229.75	-0.0768392
28	0	5229.9	0.955272
-916	0	5231	-0.0831004
-486	0	5231.4	-0.0847321
859	0	5231.45	0.997573
-216	0	5233.6	-0.0818204
-236	0	5233.6	-0.0840244
779	0	5233.7	1.12339
-241	0	5235.55	-0.0842388
-306	0	5236.3	-0.080816
358	0	5240.1	1.01435
-471	0	5240.2	-0.0802112
-421	0	5240.75	-0.0835759
-541	0	5242.1	-0.0767166
170	0	5247.8	1.04944
-121	0	5247.95	-0.0832444
-966	0	5247.95	-0.0830843
-951	0	5252.2	-0.08029
429	1	5252.8	1.09272
-256	0	5252.85	-0.0768471
810	0	5254.45	1.07828
19	0	5254.85	1.09333
672	1	5255.95	1.06783
365	0	5257.3	1.02598
712	0	5257.35	0.994167
-81	0	5259.85	-0.078047
247	0	5259.95	1.07556
-566	0	5262.45	-0.082176
-531	0	5262.65	-0.0788477
-591	0	5263.55	-0.0787473
472	0	5265.05	1.00358
14	0	5266.75	1.03348
-886	0	5269.3	-0.0805026
595	0	5269.5	1.02528
-91	0	5270.7	-0.078353
-526	0	5271.45	-0.0765527
447	1	5272.8	1.12795
-571	0	5274.95	-0.0782535
-586	0	5275.6	-0.0769826
-866	0	5275.8	-0.084123
-281	0	5276.9	-0.0790836
448	1	5277.65	0.988819
-876	0	5277.85	-0.0790074
-266	0	5278.1	-0.0806958
-436	0	5278.5	-0.077752
292	0	5278.65	1.01341
-1	0	5279.45	-0.0802484
112	0	5284.1	1.13967
500	1	5284.7	1.1036
-411	0	5285.1	-0.0776873
-201	0	5285.2	-0.0809916
-741	0	5285.95	-0.0813032
-516	0	5286.95	-0.0803058
-976	0	5287.9	-0.0843854
784	0	5288.05	0.946361
-641	0	5288.35	-0.0791974
-276	0	5288.6	-0.0847992
-856	0	5291.5	-0.0818912
-636	0	5292.1	-0.0834511
-681	0	5292.1	-0.0841074
153	0	5293.85	1.11569
-106	0	5295.55	-0.076878
-796	0	5295.6	-0.0803646
364	0	5296.9	0.96516
967	0	5297.15	1.1318
338	0	5297.2	1.02544
-96	0	5298.25	-0.0785992
350	0	5300.3	1.09362
674	0	5300.8	0.982966
913	0	5301.2	1.01702
744	0	5303.15	1.02742
894	0	5304.55	1.05685
-901	0	5304.65	-0.0819046
-356	0	5308.85	-0.0802357
963	0	5309.6	1.03382
-616	0	5310.75	-0.0845813
830	0	5310.75	0.995996
-291	0	5311.15	-0.077939
-176	0	5311.9	-0.0830368
64	0	5312.6	0.977641
-806	0	5313.1	-0.07756
-751	0	5313.15	-0.0797742
305	0	5314.55	1.1259
-41	0	5314.95	-0.0782433
378	0	5315.35	1.0867
-846	0	5315.85	-0.0786955
382	0	5317.35	1.12058
358	0	5317.6	1.01435
-871	0	5319.4	-0.078811
294	1	5319.55	1.01869
-141	0	5319.9	-0.0796677
-211	0	5320	-0.0795993
-336	0	5320.7	-0.081515
720	0	5322.6	1.10862
995	0	5322.6	1.06567
314	1	5323.4	1.05931
-826	0	5323.8	-0.0811281
689	0	5323.9	0.946625
-376	0	5324.15	-0.0783245
-901	0	5325.65	-0.0819046
497	1	5325.7	0.947105
-511	0	5325.8	-0.0840481
250	1	5327.25	1.12517
-536	0	5327.4	-0.0815387
649	0	5329.95	0.951858
-671	0	5330.15	-0.077743
-391	0	5330.75	-0.0785597
413	0	5331.15	1.04966
272	0	5331.45	0.982139
112	0	5332.4	1.13967
814	0	5332.95	0.979833
-781	0	5333.9	-0.0846868
-366	0	5334.4	-0.080445
-296	0	5334.85	-0.0799947
-481	0	5335.65	-0.0813673
-886	0	5335.8	-0.0805026
-831	0	5337.05	-0.0790754
523	0	5337.1	1.12508
-501	0	5339.2	-0.0840713
-881	0	5340.2	-0.0778933
-761	0	5340.85	-0.0829804
258	0	5342.95	0.974266
120	0	5343.95	0.956841
-426	0	5345.4	-0.0824613
47	0	5346.9	1.07499
382	0	5347.65	1.12058
748	1	5347.75	1.0618
-56	0	5348.85	-0.079921
992	0	5349.85	0.981581
94	0	5349.95	1.05826
-811	0	5351.2	-0.0830294
508	1	5352.1	1.10527
-56	0	5353.65	-0.079921
-771	0	5358.15	-0.0843127
-331	0	5358.9	-0.0769736
-61	0	5359.05	-0.0779352
200	0	5359.55	0.994794
7	0	5359.85	1.12289
-991	0	5360.55	-0.0802974
837	0	5360.9	1.03935
-16	0	5361.05	-0.0846133
-686	0	5361.25	-0.0797356
-721	0	5362.45	-0.0817729
195	0	5364.2	1.10279
-926	0	5364.35	-0.0785741
348	0	5365.25	1.13359
969	0	5365.6	1.08435
-706	0	5365.95	-0.076859
729	0	5366.4	1.07636
-136	0	5367.4	-0.0835823
450	1	5367.7	1.05946
-581	0	5368.85	-0.0806321
-936	0	5369	-0.0833808
-146	0	5369.8	-0.0834786
-271	0	5370.25	-0.0768328
137	0	5370.85	0.999823
-251	0	5371.65	-0.0810261
-666	0	5372.5	-0.0785022
122	0	5374.15	1.0096
-156	0	5375.05	-0.0785435
-956	0	5375.25	-0.0828554
-836	0	5376.2	-0.0812977
-631	0	5376.4	-0.0797259
-546	0	5377.85	-0.0772397
-716	0	5378.05	-0.0835326
878	1	5381.1	1.10272
-116	0	5381.15	-0.0765093
-971	0	5382.2	-0.0834307
-31	0	5383.75	-0.0785865
-186	0	5384.55	-0.0791982
890	1	5384.75	1.06588
-261	0	5384.8	-0.0827479
-151	0	5385.1	-0.0808688
-401	0	5385.3	-0.083864
-491	0	5385.85	-0.0772012
-961	0	5386.05	-0.0833994
-21	0	5387.25	-0.081437
22	0	5390.2	1.1092
-596	0	5390.35	-0.0832185
-36	0	5390.65	-0.0838789
-866	0	5390.9	-0.084123
-301	0	5391.45	-0.0789082
448	1	5392.45	0.988819
-611	0	5392.6	-0.0817533
-321	0	5392.9	-0.077402
422	0	5393.25	1.11147
-861	0	5393.55	-0.081436
-371	0	5394.2	-0.0830738
-841	0	5394.65	-0.0840403
-206	0	5396.25	-0.0782305
-316	0	5396.3	-0.0846462
-221	0	5396.75	-0.0776641
872	0	5397.3	1.02136
-451	0	5397.45	-0.078615
-931	0	5397.6	-0.08171
357	1	5397.9	0.947112
-656	0	5398.15	-0.0809305
-456	0	5399.15	-0.077531
-646	0	5399.35	-0.0801935
-466	0	5399.45	-0.0805563
-941	0	5399.5	-0.0783142
-191	0	5399.7	-0.0765217
-736	0	5403.1	-0.0799767
-711	0	5403.6	-0.080729
953	1	5404.2	1.00613
444	1	5406.95	0.974749
508	1	5407.15	1.10527
-661	0	5408.05	-0.0775699
-201	0	5408.3	-0.0809916
750	0	5408.4	1.09703
332	1	5408.8	0.946478
-286	0	5409.2	-0.0782483
-111	0	5411	-0.0812885
730	0	5411.05	0.946732
768	0	5412.15	1.11403
503	0	5413.55	1.05716
799	0	5414.2	1.00489
-76	0	5414.6	-0.0765516
-756	0	5414.6	-0.0806693
-851	0	5419.5	-0.07696
655	0	5420.7	1.11443
-891	0	5420.95	-0.083865
-461	0	5421.25	-0.0783085
-51	0	5423.05	-0.0796811
-791	0	5423.4	-0.0801424
-476	0	5424.7	-0.0831101
199	0	5425.15	1.0858
-246	0	5425.95	-0.0848732
-696	0	5427.1	-0.0798877
188	0	5427.45	1.05168
-816	0	5428.2	-0.0848025
-626	0	5431.05	-0.0837441
-756	0	5431.75	-0.0806693
810	0	5432.5	1.07828
-431	0	5432.8	-0.0772391
984	0	5433.05	1.04006
20	0	5433.65	0.99868
-416	0	5433.9	-0.0792779
58	1	5434.3	0.964232
-786	0	5435.8	-0.0828528
-946	0	5436.45	-0.0833642
-306	0	5436.8	-0.080816
-6	0	5437.05	-0.0838482
-411	0	5438.65	-0.0776873
888	1	5438.85	1.08733
-576	0	5439.75	-0.0794072
900	0	5439.95	1.10889
-386	0	5440.5	-0.0788743
369	0	5440.7	1.08589
-131	0	5443.1	-0.0817174
45	0	5444.15	1.04757
-701	0	5444.55	-0.0825644
-126	0	5445.85	-0.0796804
-776	0	5446.55	-0.0780672
343	1	5447.8	0.966866
158	0	5447.95	1.00219
-746	0	5450.65	-0.0847991
-446	0	5450.75	-0.0801002
-671	0	5450.95	-0.077743
-326	0	5451	-0.0825235
-966	0	5452.2	-0.0830843
-346	0	5454.85	-0.076579
909	0	5455.6	1.04636
7	0	5457.15	1.12289
-381	0	5457.2	-0.0812728
-496	0	5458.5	-0.0838531
357	1	5459.15	0.947112
-71	0	5459.8	-0.0767154
-446	0	5460.35	-0.0801002
-351	0	5460.45	-0.0791931
472	0	5462.2	1.00358
459	0	5462.5	0.998461
-846	0	5463	-0.0786955
35	0	5464.15	0.963773
-181	0	5464.15	-0.0827706
864	0	5465.7	0.995951
890	1	5468.25	1.06588
800	0	5470.95	0.978087
-196	0	5471.1	-0.0781131
-606	0	5471.25	-0.0801924
560	0	5471.75	1.09396
-906	0	5472.05	-0.0846573
-626	0	5472.55	-0.0837441
-981	0	5475.65	-0.0839822
-406	0	5476.65	-0.0843524
195	0	5480.45	1.10279
40	0	5483.15	1.08771
-911	0	5483.25	-0.07857
742	1	5483.95	1.08657
120	0	5484.15	0.956841
-521	0	5484.8	-0.0772987
-261	0	5486.5	-0.0827479
815	1	5486.75	1.00493
-471	0	5489.45	-0.0802112
-561	0	5489.85	-0.0777979
960	0	5492.95	1.00489
-46	0	5493.45	-0.0843666
-526	0	5493.6	-0.0765527
-101	0	5495.5	-0.078903
-601	0	5496.35	-0.0806346
-896	0	5498.6	-0.0815361
-801	0	5498.9	-0.0830955
-551	0	5500.65	-0.0849242
183	0	5503.05	1.09802
-541	0	5503.3	-0.0767166
-556	0	5503.9	-0.0795285
445	0	5505.3	0.966803
760	0	5506.5	1.06106
-421	0	5506.6	-0.0835759
-366	0	5506.85	-0.080445
298	0	5508.55	1.10559
68	0	5514.55	0.963592
709	0	5516.9	1.10493
335	0	5517.95	1.10975
-436	0	5518.3	-0.077752
607	0	5520.1	1.13748
-921	0	5520.3	-0.0840521
142	1	5520.8	1.06486
249	0	5524.35	1.1293
28	0	5524.45	0.955272
-241	0	5525.1	-0.0842388
-916	0	5526.2	-0.0831004
187	1	5526.45	0.966773
-571	0	5526.5	-0.0782535
-951	0	5527.45	-0.08029
-91	0	5528	-0.078353
293	0	5528.15	0.97798
-81	0	5529.6	-0.078047
-86	0	5529.8	-0.0794516
-26	0	5530.6	-0.0842228
47	0	5531.45	1.07499
49	0	5531.65	0.955389
-821	0	5531.95	-0.0789073
-506	0	5533.1	-0.0826672
-641	0	5534.6	-0.0791974
447	1	5535.15	1.12795
909	0	5535.6	1.04636
-621	0	5536.1	-0.0833915
-881	0	5536.25	-0.0778933
-851	0	5538	-0.07696
458	0	5538.6	1.00041
-356	0	5538.65	-0.0802357
-856	0	5540.4	-0.0818912
142	1	5540.8	1.06486
-121	0	5541.35	-0.0832444
233	0	5543.05	1.08986
-751	0	5543.1	-0.0797742
-516	0	5543.9	-0.0803058
502	0	5544.25	1.0003
-96	0	5545.05	-0.0785992
-996	0	5545.05	-0.0806094
-586	0	5547.45	-0.0769826
-876	0	5548.1	-0.0790074
-281	0	5549.5	-0.0790836
-216	0	5549.8	-0.0818204
732	1	5550.3	0.985887
-141	0	5552	-0.0796677
579	0	5552.35	1.08425
-676	0	5553	-0.0814852
-591	0	5553.3	-0.0787473
-256	0	5553.6	-0.0768471
-231	0	5554.6	-0.0823337
283	0	5554.65	0.962145
512	0	5556.3	1.07657
-236	0	5557.65	-0.0840244
255	0	5558.4	1.00525
638	0	5558.85	0.970374
53	0	5559.85	0.959467
-106	0	5561.55	-0.076878
-161	0	5562.2	-0.0769247
-826	0	5564.25	-0.0811281
-871	0	5566.25	-0.078811
-501	0	5567.05	-0.0840713
312	0	5567.15	1.07286
587	0	5568.5	1.11217
863	0	5570.75	1.10976
-876	0	5570.85	-0.0790074
-1	0	5570.9	-0.0802484
474	0	5572.45	1.05096
-486	0	5572.5	-0.0847321
3	0	5574.9	1.07184
-291	0	5575.25	-0.077939
-396	0	5575.6	-0.0766992
-491	0	5576.05	-0.0772012
927	0	5576.95	1.00235
344	0	5577	0.989837
-276	0	5578	-0.0847992
-341	0	5578.8	-0.0807601
-651	0	5579.3	-0.0800467
-741	0	5580.1	-0.0813032
-221	0	5581.05	-0.0776641
718	1	5581.55	0.972203
602	1	5583.4	1.00127
564	1	5583.55	0.955
-296	0	5583.75	-0.0799947
5	0	5585.15	1.11074
-976	0	5585.15	-0.0843854
-691	0	5585.5	-0.079088
-166	0	5585.55	-0.0770859
-566	0	5585.55	-0.082176
-831	0	5585.55	-0.0790754
-766	0	5585.85	-0.0768392
-41	0	5586.6	-0.0782433
943	1	5586.95	1.11124
-391	0	5587.5	-0.0785597
-596	0	5587.5	-0.0832185
-211	0	5588.45	-0.0795993
952	0	5589.75	1.00466
-796	0	5590.25	-0.0803646
-806	0	5591.55	-0.07756
-941	0	5591.65	-0.0783142
-376	0	5592.25	-0.0783245
-831	0	5593.05	-0.0790754
992	0	5593.4	0.981581
300	0	5593.7	1.13788
809	0	5593.7	1.10098
-726	0	5594.45	-0.0847117
90	0	5594.55	1.12299
-116	0	5594.8	-0.0765093
-226	0	5595.4	-0.0849195
852	1	5596.45	1.13553
584	0	5596.65	1.05568
-531	0	5597.5	-0.0788477
687	0	5598.9	1.09492
637	0	5599.55	1.04163
-11	0	5599.9	-0.0839367
270	0	5600.95	1.11258
578	1	5602.75	1.04108
928	1	5603.75	1.02436
602	1	5604.05	1.00127
-546	0	5605.45	-0.0772397
-986	0	5607.4	-0.0804334
-731	0	5608	-0.0833127
-771	0	5609.5	-0.0843127
-986	0	5610.55	-0.0804334
-686	0	5611.95	-0.0797356
428	1	5614.4	1.11393
-926	0	5614.4	-0.0785741
-191	0	5616.9	-0.0765217
848	0	5617.95	1.11016
522	0	5618	1.00245
-176	0	5618.2	-0.0830368
262	0	5619.9	1.0514
542	1	5620.35	1.08398
245	0	5620.8	0.95035
-456	0	5622.55	-0.077531
-616	0	5623.1	-0.0845813
744	0	5624.35	1.02742
-676	0	5624.85	-0.0814852
-666	0	5625.4	-0.0785022
-736	0	5625.7	-0.0799767
714	0	5626.4	0.983743
-286	0	5626.85	-0.0782483
-156	0	5627.05	-0.0785435
-206	0	5627.65	-0.0782305
-451	0	5627.95	-0.078615
-466	0	5629.05	-0.0805563
73	0	5629.25	1.10509
-101	0	5629.65	-0.078903
442	0	5629.8	1.03878
374	0	5629.85	1.03882
-266	0	5630.5	-0.0806958
-76	0	5630.8	-0.0765516
-321	0	5631.5	-0.077402
-481	0	5632.9	-0.0813673
534	0	5633	1.11072
-301	0	5633.2	-0.0789082
-171	0	5633.6	-0.0840537
-36	0	5634.25	-0.0838789
-476	0	5634.5	-0.0831101
-996	0	5634.7	-0.0806094
714	0	5637.6	0.983743
570	0	5640.2	1.02036
-646	0	5641.1	-0.0801935
-661	0	5641.95	-0.0775699
825	0	5643.1	1.04602
-66	0	5643.8	-0.0815999
97	0	5643.8	1.13622
215	0	5644.25	0.952436
437	1	5645.75	1.09479
95	1	5647.4	0.990679
-56	0	5647.6	-0.079921
430	1	5647.7	1.0235
-146	0	5647.75	-0.0834786
-536	0	5647.95	-0.0815387
-761	0	5648.95	-0.0829804
184	0	5649.5	1.01136
565	0	5650.1	1.11225
713	1	5650.75	1.05173
700	0	5651.85	0.955601
-426	0	5652.45	-0.0824613
-16	0	5652.6	-0.0846133
-491	0	5653.4	-0.0772012
-441	0	5653.65	-0.0844552
-111	0	5654.3	-0.0812885
327	0	5655.05	1.0428
-696	0	5655.8	-0.0798877
922	1	5655.95	1.11355
-221	0	5657.9	-0.0776641
177	1	5658.9	0.940549
-711	0	5659.2	-0.080729
-151	0	5659.75	-0.0808688
-336	0	5660.5	-0.081515
864	0	5660.75	0.995951
-811	0	5664.15	-0.0830294
-126	0	5665.2	-0.0796804
-51	0	5665.4	-0.0796811
-836	0	5665.55	-0.0812977
-656	0	5666.3	-0.0809305
914	0	5666.6	0.978007
514	0	5666.85	0.968745
-511	0	5667.5	-0.0840481
-991	0	5667.65	-0.0802974
-386	0	5668.15	-0.0788743
-401	0	5669	-0.083864
-891	0	5671.1	-0.083865
195	0	5671.4	1.10279
-381	0	5672.55	-0.0812728
-31	0	5673.35	-0.0785865
464	0	5673.7	1.13895
119	1	5675	1.13362
307	1	5675.15	1.03521
-956	0	5675.4	-0.0828554
-631	0	5675.75	-0.0797259
435	0	5676.1	0.965826
754	1	5676.45	0.971781
-311	0	5676.7	-0.0847118
878	1	5677.6	1.10272
-111	0	5678.5	-0.0812885
-196	0	5678.8	-0.0781131
-776	0	5680.1	-0.0780672
-431	0	5680.75	-0.0772391
-971	0	5681.15	-0.0834307
-931	0	5687.45	-0.08171
-61	0	5687.55	-0.0779352
-136	0	5689.5	-0.0835823
-936	0	5690.15	-0.0833808
-461	0	5690.2	-0.0783085
-756	0	5693.3	-0.0806693
368	0	5694.85	1.02837
-271	0	5697.3	-0.0768328
-961	0	5699.5	-0.0833994
-331	0	5699.6	-0.0769736
-26	0	5699.8	-0.0842228
-471	0	5700.05	-0.0802112
-786	0	5702.7	-0.0828528
-791	0	5702.75	-0.0801424
-416	0	5702.85	-0.0792779
-581	0	5703.8	-0.0806321
634	0	5706.95	0.984369
-71	0	5707.05	-0.0767154
-576	0	5707.15	-0.0794072
-721	0	5707.15	-0.0817729
97	0	5714.35	1.13622
-71	0	5714.6	-0.0767154
-411	0	5716.65	-0.0776873
450	1	5717.25	1.05946
270	0	5718.2	1.11258
215	0	5719.45	0.952436
-21	0	5720.5	-0.081437
64	0	5722.05	0.977641
-131	0	5722.2	-0.0817174
802	0	5722.3	1.12633
-326	0	5722.4	-0.0825235
730	0	5723.3	0.946732
-781	0	5724.2	-0.0846868
313	0	5726.85	1.01087
-641	0	5727	-0.0791974
-701	0	5727.45	-0.0825644
-436	0	5728	-0.077752
767	1	5728.95	1.03961
-706	0	5731.75	-0.076859
109	0	5732.05	1.08015
742	1	5732.35	1.08657
278	0	5734.25	1.109
-681	0	5734.7	-0.0841074
-371	0	5736.65	-0.0830738
-561	0	5736.65	-0.0777979
442	0	5736.95	1.03878
-816	0	5737.8	-0.0848025
-606	0	5741.8	-0.0801924
-986	0	5742.3	-0.0804334
64	0	5742.35	0.977641
-126	0	5742.85	-0.0796804
980	0	5743.55	1.05176
107	0	5743.75	0.998506
-351	0	5744.35	-0.0791931
-841	0	5744.55	-0.0840403
743	0	5745.2	1.01128
647	1	5745.85	1.07871
-346	0	5745.95	-0.076579
757	0	5747.6	0.94651
-811	0	5751.5	-0.0830294
-901	0	5752	-0.0819046
-911	0	5752.4	-0.07857
197	0	5752.75	1.03912
385	0	5753.6	0.953556
869	1	5754.65	1.02901
730	0	5755.2	0.946732
740	0	5756.2	0.943803
-746	0	5758.65	-0.0847991
-521	0	5759.25	-0.0772987
154	0	5760.35	0.98675
378	0	5760.35	1.0867
-526	0	5760.5	-0.0765527
693	1	5760.55	0.968189
-491	0	5762.15	-0.0772012
94	0	5764.65	1.05826
425	0	5765.7	1.10982
-201	0	5767.05	-0.0809916
-181	0	5767.35	-0.0827706
-871	0	5768.1	-0.078811
-886	0	5769.15	-0.0805026
982	0	5770.45	1.08728
344	0	5771.05	0.989837
-391	0	5771.6	-0.0785597
-601	0	5772.6	-0.0806346
-671	0	5773.95	-0.077743
-611	0	5774.1	-0.0817533
-781	0	5774.15	-0.0846868
-6	0	5774.35	-0.0838482
-81	0	5774.75	-0.078047
428	1	5776.7	1.11393
-441	0	5777	-0.0844552
197	0	5777.1	1.03912
7	0	5777.55	1.12289
-406	0	5777.65	-0.0843524
753	0	5778.15	1.0298
-541	0	5778.35	-0.0767166
-371	0	5781.1	-0.0830738
-496	0	5782.5	-0.0838531
-846	0	5783.9	-0.0786955
-91	0	5783.95	-0.078353
-186	0	5784.35	-0.0791982
-141	0	5784.4	-0.0796677
-941	0	5784.95	-0.0783142
-981	0	5786.4	-0.0839822
615	0	5787	1.00192
482	0	5789.35	1.04012
-246	0	5789.45	-0.0848732
-896	0	5792.15	-0.0815361
-36	0	5793.35	-0.0838789
-686	0	5793.75	-0.0797356
-446	0	5796	-0.0801002
-636	0	5797.05	-0.0834511
639	0	5797.2	1.11049
-861	0	5798.75	-0.081436
-96	0	5801.1	-0.0785992
307	1	5801.4	1.03521
-46	0	5801.7	-0.0843666
-251	0	5802.1	-0.0810261
299	0	5802.2	1.00366
228	0	5802.85	1.0424
-516	0	5803.1	-0.0803058
-906	0	5803.4	-0.0846573
368	0	5803.85	1.02837
-376	0	5804.1	-0.0783245
-571	0	5804.55	-0.0782535
574	0	5805.05	1.1149
364	0	5806	0.96516
-421	0	5806.7	-0.0835759
-121	0	5807.25	-0.0832444
92	0	5808.3	0.963459
-586	0	5808.9	-0.0769826
-856	0	5809.75	-0.0818912
209	0	5814	1.05697
-246	0	5814.5	-0.0848732
-751	0	5814.65	-0.0797742
569	0	5814.8	1.03729
-316	0	5817.4	-0.0846462
-951	0	5818.15	-0.08029
-296	0	5818.5	-0.0799947
-556	0	5820.8	-0.0795285
-361	0	5821.15	-0.0848789
87	0	5822.9	0.950059
239	0	5822.95	1.07635
197	0	5823	1.03912
-291	0	5824.35	-0.077939
768	0	5824.4	1.11403
253	1	5824.8	1.11214
887	0	5825.65	0.990139
293	0	5827.35	0.97798
-766	0	5827.65	-0.0768392
-501	0	5829.2	-0.0840713
215	0	5829.4	0.952436
-826	0	5829.8	-0.0811281
-796	0	5830	-0.0803646
-116	0	5833.15	-0.0765093
-311	0	5833.95	-0.0847118
459	0	5836.35	0.998461
-546	0	5836.75	-0.0772397
708	0	5836.9	1.06962
-771	0	5837.9	-0.0843127
698	0	5838.85	1.13741
260	0	5839.05	1.10979
-191	0	5839.35	-0.0765217
-506	0	5839.35	-0.0826672
105	1	5840.65	1.11786
423	0	5840.9	1.10226
-806	0	5842.3	-0.07756
302	0	5842.75	1.07226
829	0	5844	1.00628
-456	0	5845.15	-0.077531
-916	0	5845.6	-0.0831004
-281	0	5845.85	-0.0790836
850	0	5846.8	1.00995
-41	0	5847.1	-0.0782433
-531	0	5849.35	-0.0788477
200	0	5850.1	0.994794
90	0	5850.8	1.12299
-591	0	5852.15	-0.0787473
-211	0	5853.95	-0.0795993
618	0	5854.45	0.964885
-166	0	5854.8	-0.0770859
-691	0	5856.6	-0.079088
753	0	5857.15	1.0298
-621	0	5858	-0.0833915
-106	0	5858.25	-0.076878
245	0	5858.65	0.95035
423	0	5859.35	1.10226
-161	0	5860.35	-0.0769247
-241	0	5860.75	-0.0842388
-256	0	5862.1	-0.0768471
-926	0	5862.2	-0.0785741
384	0	5862.6	0.94314
-681	0	5862.75	-0.0841074
17	0	5863.1	1.09835
-466	0	5864	-0.0805563
252	0	5866.1	1.06044
-76	0	5866.25	-0.0765516
-801	0	5867.5	-0.0830955
649	0	5869.35	0.951858
827	1	5870	1.10279
512	0	5871.15	1.07657
-666	0	5871.65	-0.0785022
203	0	5872.65	1.08387
-156	0	5874.9	-0.0785435
-736	0	5875.3	-0.0799767
187	1	5875.65	0.966773
-976	0	5875.65	-0.0843854
-881	0	5876.7	-0.0778933
469	0	5877.2	0.947472
853	1	5879.5	1.08197
423	0	5880.4	1.10226
755	0	5880.55	0.945078
-966	0	5880.65	-0.0830843
347	1	5881.15	0.981962
-776	0	5883.15	-0.0780672
-301	0	5885.05	-0.0789082
-356	0	5887.1	-0.0802357
-921	0	5887.15	-0.0840521
-86	0	5887.55	-0.0794516
418	1	5887.6	1.09116
-661	0	5887.7	-0.0775699
-451	0	5888.35	-0.078615
-206	0	5888.45	-0.0782305
-741	0	5888.65	-0.0813032
-471	0	5889	-0.0802112
-731	0	5889.45	-0.0833127
912	1	5889.9	0.945843
-726	0	5890.75	-0.0847117
398	0	5890.8	1.10489
-401	0	5891.1	-0.083864
-276	0	5891.25	-0.0847992
734	0	5891.4	0.976346
-386	0	5891.75	-0.0788743
249	0	5892.6	1.1293
-551	0	5893.05	-0.0849242
-321	0	5893.6	-0.077402
-286	0	5894.4	-0.0782483
-396	0	5894.6	-0.0766992
954	0	5895.5	0.986003
-1	0	5897.85	-0.0802484
-11	0	5898.5	-0.0839367
98	0	5899.15	1.04166
555	1	5899.5	1.08451
-631	0	5899.7	-0.0797259
-836	0	5899.75	-0.0812977
-526	0	5900.15	-0.0765527
-626	0	5900.15	-0.0837441
-426	0	5901.5	-0.0824613
-196	0	5902.5	-0.0781131
-56	0	5903.65	-0.079921
-646	0	5905.05	-0.0801935
818	0	5911.8	0.96767
-821	0	5913.85	-0.0789073
-66	0	5914.35	-0.0815999
-266	0	5914.35	-0.0806958
-61	0	5914.8	-0.0779352
-851	0	5915.2	-0.07696
-901	0	5915.65	-0.0819046
-341	0	5916.55	-0.0807601
-716	0	5917.6	-0.0835326
-231	0	5917.85	-0.0823337
-656	0	5919.5	-0.0809305
784	0	5919.7	0.946361
-486	0	5920.85	-0.0847321
812	0	5921.05	0.975957
197	0	5921.4	1.03912
503	0	5921.75	1.05716
-786	0	5922.95	-0.0828528
-336	0	5923.9	-0.081515
518	0	5924.05	1.09946
628	1	5924.05	1.01775
-216	0	5924.55	-0.0818204
-431	0	5925.35	-0.0772391
910	1	5926.8	1.03916
53	0	5927.55	0.959467
269	0	5928.2	1.13298
-891	0	5928.6	-0.083865
574	0	5929.05	1.1149
514	0	5930.1	0.968745
407	0	5930.5	1.05379
-711	0	5931.4	-0.080729
-31	0	5933.25	-0.0785865
-436	0	5933.6	-0.077752
402	1	5933.75	1.10873
157	1	5935.75	1.02966
58	1	5936.6	0.964232
598	0	5936.65	0.979272
343	1	5937.55	0.966866
-51	0	5938.65	-0.0796811
165	0	5938.7	0.996381
479	0	5939.25	0.954515
-541	0	5939.85	-0.0767166
210	0	5940	1.04517
-366	0	5940.05	-0.080445
480	1	5941.1	1.07951
-566	0	5941.1	-0.082176
352	1	5941.85	1.11418
742	1	5942.5	1.08657
214	0	5942.6	1.12502
-271	0	5944.5	-0.0768328
-991	0	5945.2	-0.0802974
560	0	5945.75	1.09396
-831	0	5947.6	-0.0790754
-616	0	5947.8	-0.0845813
-191	0	5948.65	-0.0765217
559	0	5949.7	1.12876
-176	0	5950.25	-0.0830368
902	1	5950.3	0.996763
-16	0	5951.5	-0.0846133
500	1	5951.6	1.1036
247	0	5952.25	1.07556
-706	0	5952.25	-0.076859
-481	0	5952.4	-0.0813673
192	1	5952.65	1.1109
-791	0	5953.8	-0.0801424
-446	0	5955.55	-0.0801002
-261	0	5955.75	-0.0827479
-601	0	5957.35	-0.0806346
-331	0	5957.6	-0.0769736
-696	0	5958.45	-0.0798877
839	1	5959.45	1.01348
-381	0	5960.75	-0.0812728
-581	0	5961.45	-0.0806321
198	0	5962.5	1.04149
-21	0	5962.6	-0.081437
262	0	5963.25	1.0514
567	1	5963.4	0.967679
564	1	5964.15	0.955
-306	0	5964.7	-0.080816
880	0	5965.3	0.983853
457	0	5965.35	1.04591
-576	0	5965.55	-0.0794072
-221	0	5965.7	-0.0776641
-236	0	5965.7	-0.0840244
-931	0	5966.1	-0.08171
-161	0	5966.85	-0.0769247
153	0	5971.9	1.11569
-761	0	5972.5	-0.0829804
199	0	5974.9	1.0858
465	1	5977	1.03108
495	0	5977.7	1.11502
-561	0	5983.75	-0.0777979
-136	0	5984.1	-0.0835823
-956	0	5984.25	-0.0828554
43	0	5984.35	0.941646
92	0	5984.35	0.963459
-416	0	5985.1	-0.0792779
-701	0	5985.7	-0.0825644
-936	0	5987.1	-0.0833808
245	0	5987.25	0.95035
449	1	5987.25	1.09925
-101	0	5988.4	-0.078903
138	0	5989.7	1.07301
954	0	5990.45	0.986003
438	1	5993.3	0.983957
-961	0	5993.45	-0.0833994
-536	0	5994.15	-0.0815387
448	1	5995.35	0.988819
598	0	5995.65	0.979272
-876	0	5996.4	-0.0790074
643	0	5997.5	1.02645
-526	0	5997.95	-0.0765527
764	1	5998	1.03538
-216	0	5998.1	-0.0818204
-461	0	5999.45	-0.0783085
929	0	6000.2	1.09217
-511	0	6001.7	-0.0840481
562	0	6002.6	0.997873
530	0	6002.65	0.941396
340	0	6003.25	1.12967
209	0	6003.6	1.05697
-241	0	6004.95	-0.0842388
-596	0	6007.15	-0.0832185
-226	0	6007.45	-0.0849195
-376	0	6010.5	-0.0783245
729	0	6010.7	1.07636
-766	0	6011.85	-0.0768392
-611	0	6011.9	-0.0817533
-971	0	6012	-0.0834307
562	0	6012.65	0.997873
-651	0	6012.75	-0.0800467
234	0	6012.8	0.985741
-186	0	6012.95	-0.0791982
-281	0	6013.5	-0.0790836
24	1	6014	1.08677
-721	0	6014.8	-0.0817729
-91	0	6015.15	-0.078353
73	0	6015.35	1.10509
940	0	6015.75	1.00406
-521	0	6016.55	-0.0772987
905	0	6021.05	1.11976
-676	0	6022.5	-0.0814852
842	0	6022.85	0.943472
-911	0	6026.45	-0.07857
-141	0	6027.15	-0.0796677
-476	0	6027.8	-0.0831101
283	0	6029.3	0.962145
733	0	6030	0.977088
-21	0	6030.3	-0.081437
52	0	6033	1.09335
-171	0	6033.45	-0.0840537
270	0	6034.6	1.11258
263	0	6035.1	1.12519
-131	0	6035.8	-0.0817174
-81	0	6036.3	-0.078047
-856	0	6036.4	-0.0818912
878	1	6036.9	1.10272
-111	0	6037.15	-0.0812885
-606	0	6037.55	-0.0801924
169	1	6037.65	1.1131
-996	0	6037.7	-0.0806094
-346	0	6038	-0.076579
782	1	6038	1.07057
-351	0	6038.15	-0.0791931
-986	0	6038.95	-0.0804334
-866	0	6039.3	-0.084123
-871	0	6041.65	-0.078811
-586	0	6042.1	-0.0769826
-546	0	6042.55	-0.0772397
-406	0	6042.6	-0.0843524
849	1	6046.4	1.04487
-751	0	6047.65	-0.0797742
-151	0	6048.3	-0.0808688
915	1	6051.15	1.0137
682	0	6052.7	0.949115
-296	0	6053.1	-0.0799947
-641	0	6053.25	-0.0791974
-806	0	6055.05	-0.07756
-96	0	6057.9	-0.0785992
-881	0	6058.25	-0.0778933
252	0	6058.95	1.06044
-926	0	6059.3	-0.0785741
-291	0	6060.65	-0.077939
980	0	6060.65	1.05176
-846	0	6060.8	-0.0786955
-271	0	6061.4	-0.0768328
-411	0	6062.75	-0.0776873
-611	0	6062.85	-0.0817533
-571	0	6064.1	-0.0782535
642	0	6064.6	1.06176
685	0	6065.85	1.11268
-126	0	6065.9	-0.0796804
232	0	6066.8	1.08024
-826	0	6067.35	-0.0811281
417	1	6067.4	1.01198
250	1	6067.65	1.12517
585	0	6067.9	1.0222
-866	0	6068.2	-0.084123
-756	0	6068.7	-0.0806693
-841	0	6069.65	-0.0840403
684	0	6072.6	1.11067
-181	0	6074.3	-0.0827706
-491	0	6075.4	-0.0772012
-531	0	6075.95	-0.0788477
974	1	6077.15	0.98609
-326	0	6077.4	-0.0825235
182	0	6078.2	1.06746
-116	0	6078.65	-0.0765093
743	0	6080.25	1.01128
-816	0	6080.55	-0.0848025
885	0	6081.25	1.05673
389	0	6082.95	0.943443
-671	0	6083.7	-0.077743
-946	0	6084.45	-0.0833642
-71	0	6084.6	-0.0767154
2	0	6084.65	1.07775
18	0	6084.65	1.09782
-146	0	6084.75	-0.0834786
444	1	6085	0.974749
-456	0	6085.4	-0.077531
-516	0	6086.85	-0.0803058
458	0	6087.25	1.00041
-201	0	6087.5	-0.0809916
-956	0	6087.8	-0.0828554
-981	0	6088.3	-0.0839822
997	1	6088.7	1.11659
-211	0	6089.15	-0.0795993
929	0	6089.2	1.09217
907	0	6089.5	0.969048
633	1	6090.2	1.10377
405	0	6090.55	1.11016
979	0	6091.65	1.0149
-76	0	6092.8	-0.0765516
-951	0	6094.85	-0.08029
-21	0	6095.95	-0.081437
-796	0	6097.8	-0.0803646
-556	0	6098.25	-0.0795285
778	0	6098.25	0.981202
218	1	6099	1.05432
543	1	6100.35	1.0677
-46	0	6101.35	-0.0843666
517	1	6101.9	0.952421
605	0	6101.9	0.971386
-691	0	6103.2	-0.079088
-191	0	6103.85	-0.0765217
843	1	6104.2	1.09241
794	1	6104.85	0.969172
-771	0	6105.2	-0.0843127
-436	0	6105.35	-0.077752
-861	0	6105.35	-0.081436
492	0	6105.45	1.10979
-501	0	6106.75	-0.0840713
-206	0	6106.9	-0.0782305
-121	0	6107.55	-0.0832444
-421	0	6107.55	-0.0835759
333	0	6108	1.07078
-896	0	6108.55	-0.0815361
-236	0	6109.8	-0.0840244
33	1	6110.25	1.08169
-941	0	6110.7	-0.0783142
-856	0	6110.8	-0.0818912
-916	0	6112.55	-0.0831004
377	1	6112.95	1.06283
-196	0	6114.65	-0.0781131
214	0	6115.4	1.12502
-106	0	6115.55	-0.076878
-666	0	6116.15	-0.0785022
60	1	6117.35	1.08369
-906	0	6117.35	-0.0846573
819	0	6118.4	1.13552
595	0	6118.8	1.02528
-6	0	6119.05	-0.0838482
383	0	6119.05	1.03564
-426	0	6119.85	-0.0824613
-811	0	6122.75	-0.0830294
-496	0	6123.9	-0.0838531
355	1	6124.65	1.04275
-591	0	6125.5	-0.0787473
-166	0	6125.9	-0.0770859
-776	0	6126.75	-0.0780672
-391	0	6127.05	-0.0785597
-386	0	6127.5	-0.0788743
665	0	6127.95	1.0869
-286	0	6129.3	-0.0782483
739	0	6130.45	1.12838
-886	0	6130.75	-0.0805026
875	0	6131.45	0.978128
-471	0	6133.45	-0.0802112
-146	0	6134.15	-0.0834786
-606	0	6134.95	-0.0801924
188	0	6136.35	1.05168
-56	0	6136.4	-0.079921
-41	0	6136.75	-0.0782433
-1	0	6137.8	-0.0802484
-396	0	6140.65	-0.0766992
-661	0	6142.45	-0.0775699
83	0	6142.65	1.04404
872	0	6143	1.02136
585	0	6143.4	1.0222
-356	0	6143.45	-0.0802357
-641	0	6143.55	-0.0791974
643	0	6143.55	1.02645
-746	0	6144.65	-0.0847991
-371	0	6144.7	-0.0830738
407	0	6145.05	1.05379
-336	0	6145.5	-0.081515
765	0	6145.6	1.0567
443	0	6145.75	1.032
14	0	6146.75	1.03348
-11	0	6146.85	-0.0839367
-26	0	6147.8	-0.0842228
432	1	6148	0.966934
627	0	6148.25	1.12254
-256	0	6148.5	-0.0768471
373	0	6152.15	1.0414
-736	0	6153.6	-0.0799767
-741	0	6154.65	-0.0813032
-401	0	6155.7	-0.083864
550	0	6156.65	1.08374
-686	0	6157.85	-0.0797356
947	0	6158.85	1.03127
852	1	6161	1.13553
223	0	6161.5	1.13042
224	1	6163	0.963048
-761	0	6165.95	-0.0829804
360	0	6166.1	1.11284
-251	0	6168.75	-0.0810261
-451	0	6168.8	-0.078615
-61	0	6168.9	-0.0779352
19	0	6169	1.09333
-636	0	6169.15	-0.0834511
-431	0	6169.45	-0.0772391
-746	0	6172.95	-0.0847991
-156	0	6173.3	-0.0785435
-51	0	6173.55	-0.0796811
-506	0	6173.9	-0.0826672
259	0	6174.55	1.01193
807	1	6175.6	1.01583
-306	0	6175.9	-0.080816
395	0	6177.3	1.02845
-301	0	6177.45	-0.0789082
470	0	6178.2	1.04616
284	0	6178.3	1.04419
982	0	6178.55	1.08728
834	1	6178.9	1.05367
843	1	6179.6	1.09241
-851	0	6180.7	-0.07696
718	1	6181.5	0.972203
92	0	6184.2	0.963459
-656	0	6184.35	-0.0809305
482	0	6185.45	1.04012
84	0	6186.3	1.13159
-331	0	6187.4	-0.0769736
-406	0	6188.3	-0.0843524
767	1	6190.4	1.03961
349	0	6190.5	1.08905
-631	0	6191.85	-0.0797259
414	0	6192.15	1.13701
-976	0	6192.25	-0.0843854
-461	0	6192.7	-0.0783085
-321	0	6192.75	-0.077402
53	0	6193.2	0.959467
-971	0	6193.45	-0.0834307
765	0	6193.6	1.0567
-276	0	6193.65	-0.0847992
-31	0	6197.65	-0.0785865
870	0	6197.75	1.08693
445	0	6198	0.966803
-316	0	6198.95	-0.0846462
-801	0	6200.15	-0.0830955
-551	0	6200.25	-0.0849242
-956	0	6201.7	-0.0828554
-371	0	6202.9	-0.0830738
-421	0	6202.95	-0.0835759
-696	0	6203.3	-0.0798877
117	0	6206.15	1.04138
-711	0	6206.65	-0.080729
-646	0	6206.75	-0.0801935
-86	0	6207.1	-0.0794516
213	0	6207.9	1.04929
-831	0	6208	-0.0790754
-551	0	6208.15	-0.0849242
-266	0	6208.8	-0.0806958
363	1	6208.9	1.07071
-561	0	6209.5	-0.0777979
-221	0	6209.95	-0.0776641
479	0	6212	0.954515
-621	0	6215.75	-0.0833915
495	0	6216.15	1.11502
728	0	6217.65	0.969708
859	0	6218.7	0.997573
58	1	6219.05	0.964232
935	1	6221.15	0.987016
-616	0	6222.85	-0.0845813
-576	0	6223.95	-0.0794072
-381	0	6226.4	-0.0812728
457	0	6228	1.04591
-316	0	6229	-0.0846462
-441	0	6229.8	-0.0844552
612	0	6230.4	1.07326
832	0	6230.75	1.03149
-706	0	6230.9	-0.076859
803	0	6234.95	1.00239
-626	0	6235.5	-0.0837441
-6	0	6238	-0.0838482
-991	0	6239.95	-0.0802974
-136	0	6240.45	-0.0835823
128	0	6240.5	1.06296
150	1	6240.6	0.958387
-966	0	6242.1	-0.0830843
-351	0	6242.55	-0.0791931
-36	0	6242.9	-0.0838789
-631	0	6243.7	-0.0797259
604	1	6243.9	1.02987
867	0	6247.65	1.10804
-726	0	6247.85	-0.0847117
-176	0	6248.35	-0.0830368
979	0	6248.35	1.0149
-931	0	6248.4	-0.08171
799	0	6250.1	1.00489
-546	0	6251.8	-0.0772397
-791	0	6252.3	-0.0801424
-16	0	6255.3	-0.0846133
-96	0	6256.55	-0.0785992
-366	0	6256.8	-0.080445
979	0	6256.9	1.0149
672	1	6257.05	1.06783
-876	0	6257.65	-0.0790074
-481	0	6258	-0.0813673
-101	0	6258.85	-0.078903
-31	0	6259.6	-0.0785865
289	0	6259.95	0.962447
-341	0	6260.5	-0.0807601
754	1	6260.5	0.971781
92	0	6263.85	0.963459
519	0	6263.9	0.987806
-676	0	6264.25	-0.0814852
355	1	6265.25	1.04275
-541	0	6266.05	-0.0767166
-901	0	6266.85	-0.0819046
354	1	6266.95	0.940773
814	0	6268.75	0.979833
-186	0	6269.15	-0.0791982
-156	0	6270.15	-0.0785435
-911	0	6270.4	-0.07857
449	1	6272.4	1.09925
420	0	6272.55	0.975206
732	1	6273.2	0.985887
-261	0	6274.75	-0.0827479
-111	0	6275.2	-0.0812885
-586	0	6275.6	-0.0769826
302	0	6276.8	1.07226
-821	0	6277.35	-0.0789073
753	0	6277.4	1.0298
-596	0	6277.65	-0.0832185
-231	0	6278.8	-0.0823337
313	0	6279.2	1.01087
109	0	6279.4	1.08015
630	0	6279.85	1.12055
-871	0	6279.9	-0.078811
399	0	6280.15	1.10696
-416	0	6280.9	-0.0792779
-446	0	6282.35	-0.0801002
-781	0	6283.3	-0.0846868
-921	0	6283.4	-0.0840521
-376	0	6283.9	-0.0783245
-361	0	6284.15	-0.0848789
949	0	6286.25	1.02955
978	0	6286.4	1.06893
-531	0	6287.05	-0.0788477
363	1	6288.15	1.07071
-491	0	6288.35	-0.0772012
-751	0	6289.15	-0.0797742
-296	0	6289.2	-0.0799947
49	0	6289.55	0.955389
68	0	6290	0.963592
-566	0	6290.15	-0.082176
-346	0	6290.5	-0.076579
-926	0	6291.25	-0.0785741
-486	0	6292.35	-0.0847321
738	1	6292.9	0.98492
-81	0	6294.2	-0.078047
359	1	6296.15	1.11589
660	0	6297.3	0.992037
352	1	6297.4	1.11418
-986	0	6298.8	-0.0804334
-571	0	6303.05	-0.0782535
-66	0	6304.15	-0.0815999
-111	0	6305.05	-0.0812885
-436	0	6305.45	-0.077752
-936	0	6305.45	-0.0833808
308	0	6305.8	1.12724
505	0	6307.55	0.969902
759	0	6308.55	0.990952
709	0	6308.6	1.10493
827	1	6310.25	1.10279
-141	0	6310.8	-0.0796677
-786	0	6310.85	-0.0828528
708	0	6310.9	1.06962
638	0	6311	0.970374
340	0	6311.2	1.12967
-196	0	6311.65	-0.0781131
-76	0	6312.45	-0.0765516
588	0	6313.2	1.07001
679	0	6313.8	1.11039
-116	0	6314.5	-0.0765093
145	0	6314.7	1.0518
177	1	6315.35	0.940549
-161	0	6315.6	-0.0769247
-546	0	6315.75	-0.0772397
-291	0	6315.95	-0.077939
-681	0	6316.35	-0.0841074
874	0	6316.6	1.11641
-846	0	6316.75	-0.0786955
-131	0	6317.05	-0.0817174
204	0	6317.25	0.981402
-456	0	6317.55	-0.077531
-836	0	6318.3	-0.0812977
-521	0	6318.45	-0.0772987
945	0	6319.85	1.13009
-526	0	6320.25	-0.0765527
-536	0	6320.55	-0.0815387
-671	0	6320.7	-0.077743
-756	0	6321.05	-0.0806693
-126	0	6321.55	-0.0796804
422	0	6322.1	1.11147
-181	0	6322.9	-0.0827706
438	1	6323.35	0.983957
-556	0	6323.65	-0.0795285
-91	0	6323.8	-0.078353
762	0	6325	0.974418
714	0	6325.1	0.983743
-326	0	6325.3	-0.0825235
-246	0	6326.45	-0.0848732
-511	0	6326.45	-0.0840481
342	1	6326.95	0.948644
393	0	6327.15	1.04326
629	1	6327.2	1.05048
-941	0	6329	-0.0783142
577	0	6329.55	1.00956
-806	0	6333.25	-0.07756
-721	0	6334.95	-0.0817729
-121	0	6335.65	-0.0832444
448	1	6335.75	0.988819
770	0	6336.85	1.04183
-516	0	6337.4	-0.0803058
297	0	6337.5	1.08054
960	0	6337.85	1.00489
800	0	6339	0.978087
-601	0	6339.45	-0.0806346
-826	0	6339.6	-0.0811281
-476	0	6341.25	-0.0831101
-466	0	6341.85	-0.0805563
-891	0	6341.95	-0.083865
750	0	6343.1	1.09703
-391	0	6343.45	-0.0785597
-276	0	6343.55	-0.0847992
-691	0	6344.15	-0.079088
-666	0	6344.25	-0.0785022
-151	0	6345.2	-0.0808688
289	0	6345.3	0.962447
963	0	6346.05	1.03382
393	0	6346.2	1.04326
699	1	6346.3	1.05345
-996	0	6346.5	-0.0806094
-386	0	6347	-0.0788743
839	1	6347.15	1.01348
933	0	6347.55	1.12981
-471	0	6349	-0.0802112
848	0	6349.1	1.11016
-71	0	6349.9	-0.0767154
-691	0	6350	-0.079088
-841	0	6351.35	-0.0840403
43	0	6351.65	0.941646
949	0	6351.9	1.02955
878	1	6352.85	1.10272
517	1	6353.1	0.952421
-776	0	6353.25	-0.0780672
-771	0	6354.55	-0.0843127
-201	0	6354.6	-0.0809916
-211	0	6355.15	-0.0795993
-356	0	6355.85	-0.0802357
-951	0	6357.7	-0.08029
-411	0	6357.8	-0.0776873
93	1	6358.1	0.970216
927	0	6358.7	1.00235
-811	0	6361.1	-0.0830294
-896	0	6361.6	-0.0815361
50	0	6361.85	1.05836
63	0	6362.85	0.969055
-591	0	6364.6	-0.0787473
-981	0	6365.35	-0.0839822
14	0	6366.2	1.03348
282	0	6366.35	1.07455
163	1	6366.55	1.04366
809	0	6366.9	1.10098
-961	0	6368.25	-0.0833994
437	1	6370.9	1.09479
830	0	6372.6	0.995996
903	0	6373.05	1.06622
-106	0	6373.85	-0.076878
-861	0	6374.2	-0.081436
-241	0	6376.4	-0.0842388
64	0	6376.95	0.977641
342	1	6377.1	0.948644
-426	0	6381	-0.0824613
-46	0	6381.65	-0.0843666
13	1	6387.8	0.942779
-166	0	6388.2	-0.0770859
-736	0	6388.55	-0.0799767
-916	0	6390.25	-0.0831004
-651	0	6390.95	-0.0800467
-1	0	6391.5	-0.0802484
-56	0	6393.45	-0.079921
845	0	6394	1.0121
779	0	6394.2	1.12339
1000	1	6394.75	1.04645
392	0	6395.4	1.03165
-206	0	6395.65	-0.0782305
-686	0	6395.8	-0.0797356
839	1	6396	1.01348
-501	0	6397.05	-0.0840713
132	1	6397.45	0.997053
460	0	6397.45	1.05749
-911	0	6397.65	-0.07857
863	0	6399.7	1.10976
982	0	6399.7	1.08728
-221	0	6401.05	-0.0776641
-271	0	6405.85	-0.0768328
-321	0	6405.95	-0.077402
-41	0	6407.15	-0.0782433
494	0	6407.6	1.06737
-286	0	6409.15	-0.0782483
-766	0	6409.45	-0.0768392
-61	0	6410.05	-0.0779352
742	1	6410.6	1.08657
-51	0	6411.45	-0.0796811
-881	0	6411.55	-0.0778933
-796	0	6413.5	-0.0803646
-441	0	6414.1	-0.0844552
-336	0	6414.5	-0.081515
-731	0	6414.5	-0.0833127
-841	0	6414.65	-0.0840403
-281	0	6416.35	-0.0790836
-431	0	6417.9	-0.0772391
483	0	6418.25	0.957649
-396	0	6420.2	-0.0766992
-661	0	6422.65	-0.0775699
515	0	6423.8	1.05217
38	1	6424.6	0.979341
-701	0	6425.15	-0.0825644
149	0	6425.5	0.95835
-906	0	6425.5	-0.0846573
892	1	6425.55	0.977493
298	0	6428.5	1.10559
-741	0	6429.15	-0.0813032
597	0	6430.45	1.01932
-716	0	6430.8	-0.0835326
-856	0	6432.85	-0.0818912
-791	0	6435.35	-0.0801424
-451	0	6437.65	-0.078615
893	0	6437.75	1.0997
-26	0	6439.3	-0.0842228
525	0	6439.9	1.08067
-191	0	6440.6	-0.0765217
-21	0	6440.9	-0.081437
-216	0	6441.8	-0.0818204
79	0	6442.1	0.989418
-401	0	6442.25	-0.083864
594	0	6442.45	0.974419
953	1	6448.4	1.00613
-656	0	6452.1	-0.0809305
803	0	6454.75	1.00239
-311	0	6455.25	-0.0847118
-581	0	6455.4	-0.0806321
-111	0	6456.25	-0.0812885
-256	0	6456.65	-0.0768471
-636	0	6457.45	-0.0834511
-496	0	6458.65	-0.0838531
308	0	6459.3	1.12724
-831	0	6459.35	-0.0790754
2	0	6459.75	1.07775
-706	0	6460.9	-0.076859
-11	0	6462.55	-0.0839367
93	1	6464.15	0.970216
-711	0	6464.25	-0.080729
-561	0	6468.7	-0.0777979
579	0	6468.85	1.08425
-611	0	6469.5	-0.0817533
-301	0	6470.7	-0.0789082
900	0	6471.35	1.10889
852	1	6471.65	1.13553
-206	0	6473.4	-0.0782305
337	0	6473.4	0.992066
-886	0	6475.55	-0.0805026
-506	0	6476.2	-0.0826672
307	1	6477.2	1.03521
-71	0	6477.85	-0.0767154
-816	0	6478.8	-0.0848025
929	0	6478.8	1.09217
990	0	6479.85	0.965386
-576	0	6480.1	-0.0794072
908	0	6480.6	0.993131
-331	0	6482.15	-0.0769736
405	0	6482.65	1.11016
-676	0	6483.8	-0.0814852
977	1	6487.15	1.12981
812	0	6487.55	0.975957
913	0	6488.4	1.01702
364	0	6488.65	0.96516
-251	0	6489.3	-0.0810261
-696	0	6489.4	-0.0798877
468	0	6489.55	1.09532
-101	0	6490.05	-0.078903
-381	0	6490.7	-0.0812728
878	1	6491.65	1.10272
-201	0	6494.15	-0.0809916
5	0	6494.2	1.11074
637	0	6494.95	1.04163
-376	0	6496	-0.0783245
-926	0	6496.45	-0.0785741
-171	0	6496.55	-0.0840537
-491	0	6497.15	-0.0772012
-441	0	6497.55	-0.0844552
585	0	6497.55	1.0222
-196	0	6498.35	-0.0781131
-296	0	6498.8	-0.0799947
-96	0	6499.6	-0.0785992
-851	0	6501.95	-0.07696
-21	0	6503.8	-0.081437
-501	0	6504.15	-0.0840713
-411	0	6505.7	-0.0776873
-641	0	6505.85	-0.0791974
-871	0	6506.4	-0.078811
-621	0	6506.45	-0.0833915
818	0	6508.25	0.96767
-36	0	6508.5	-0.0838789
7	0	6509.05	1.12289
-976	0	6509.35	-0.0843854
-76	0	6509.45	-0.0765516
285	1	6510.3	0.970078
-436	0	6511.95	-0.077752
-876	0	6513.6	-0.0790074
-141	0	6513.9	-0.0796677
-541	0	6514.6	-0.0767166
-266	0	6514.85	-0.0806958
915	1	6515.65	1.0137
-736	0	6515.9	-0.0799767
-526	0	6518.7	-0.0765527
569	0	6521.2	1.03729
-931	0	6521.4	-0.08171
-606	0	6521.65	-0.0801924
9	0	6522.05	1.09056
529	0	6522.1	1.09224
667	0	6523.55	1.09783
-136	0	6524.1	-0.0835823
299	0	6525.6	1.00366
-586	0	6527.3	-0.0769826
-446	0	6527.65	-0.0801002
-456	0	6527.75	-0.077531
-186	0	6528.45	-0.0791982
755	0	6528.5	0.945078
422	0	6529.35	1.11147
-121	0	6530.3	-0.0832444
-346	0	6530.95	-0.076579
-646	0	6531.35	-0.0801935
42	0	6531.45	1.01782
-991	0	6532.5	-0.0802974
-91	0	6532.95	-0.078353
-86	0	6534.6	-0.0794516
-81	0	6535.35	-0.078047
509	0	6535.55	1.13579
250	1	6535.9	1.12517
160	0	6536.1	1.13586
273	0	6536.4	1.04708
-161	0	6537.8	-0.0769247
982	0	6538.5	1.08728
-181	0	6538.85	-0.0827706
114	0	6543.7	0.977749
-806	0	6544.35	-0.07756
700	0	6544.6	0.955601
934	0	6545.55	1.12219
-16	0	6546.05	-0.0846133
-616	0	6546.3	-0.0845813
-751	0	6546.6	-0.0797742
118	0	6547.8	1.03254
-901	0	6548.45	-0.0819046
512	0	6548.7	1.07657
-946	0	6550.8	-0.0833642
783	1	6551.35	1.11558
-471	0	6552.4	-0.0802112
-666	0	6553.15	-0.0785022
-911	0	6554.55	-0.07857
-421	0	6554.7	-0.0835759
950	1	6556.1	0.984196
-631	0	6556.4	-0.0797259
-236	0	6557.25	-0.0840244
857	0	6557.65	1.00252
-786	0	6558.95	-0.0828528
-571	0	6559	-0.0782535
-671	0	6559.65	-0.077743
313	0	6559.9	1.01087
17	0	6560.35	1.09835
-291	0	6560.65	-0.077939
300	0	6560.7	1.13788
-601	0	6560.95	-0.0806346
658	0	6561.3	1.08455
230	0	6562.2	1.06752
-146	0	6563.65	-0.0834786
987	0	6564.3	1.06914
-391	0	6564.55	-0.0785597
34	0	6564.9	1.1259
608	1	6565.2	0.948425
763	0	6565.25	1.08198
-776	0	6565.95	-0.0780672
407	0	6566.1	1.05379
960	0	6566.7	1.00489
399	0	6567.8	1.10696
387	0	6568.05	1.04591
-986	0	6569.6	-0.0804334
-956	0	6569.85	-0.0828554
919	0	6570.05	0.987957
848	0	6570.7	1.11016
999	0	6571.1	1.03028
-481	0	6572.3	-0.0813673
-726	0	6572.85	-0.0847117
698	0	6573.15	1.13741
-521	0	6573.7	-0.0772987
-416	0	6573.9	-0.0792779
-761	0	6574.6	-0.0829804
-596	0	6574.75	-0.0832185
-461	0	6575.9	-0.0783085
-116	0	6576.4	-0.0765093
-531	0	6578.25	-0.0788477
-771	0	6579.05	-0.0843127
84	0	6579.45	1.13159
-941	0	6580	-0.0783142
-951	0	6580.2	-0.08029
-911	0	6580.3	-0.07857
-916	0	6581.95	-0.0831004
455	1	6582.5	0.969512
-116	0	6583.55	-0.0765093
-126	0	6584.55	-0.0796804
-131	0	6585.15	-0.0817174
103	0	6585.45	0.977132
-921	0	6588.3	-0.0840521
-826	0	6589.15	-0.0811281
-366	0	6589.9	-0.080445
374	0	6590.3	1.03882
-681	0	6590.55	-0.0841074
884	0	6590.75	0.983578
-406	0	6592.35	-0.0843524
689	0	6594.05	0.946625
48	0	6594.15	0.987032
963	0	6594.3	1.03382
-386	0	6596.45	-0.0788743
-966	0	6597.35	-0.0830843
495	0	6597.45	1.11502
-846	0	6597.8	-0.0786955
-211	0	6598.1	-0.0795993
-476	0	6598.15	-0.0831101
-326	0	6598.55	-0.0825235
444	1	6598.7	0.974749
-551	0	6598.7	-0.0849242
695	0	6599.05	1.0658
172	0	6599.25	0.955896
-516	0	6599.5	-0.0803058
389	0	6603.65	0.943443
-756	0	6604.3	-0.0806693
-356	0	6604.95	-0.0802357
-591	0	6605.6	-0.0787473
-31	0	6606.5	-0.0785865
-271	0	6608.15	-0.0768328
-566	0	6608.35	-0.082176
-781	0	6610.15	-0.0846868
974	1	6610.8	0.98609
-96	0	6612.2	-0.0785992
-836	0	6612.25	-0.0812977
288	0	6613.9	0.994854
418	1	6613.9	1.09116
-891	0	6613.9	-0.083865
-896	0	6614	-0.0815361
-106	0	6615.25	-0.076878
-221	0	6616.6	-0.0776641
214	0	6616.75	1.12502
459	0	6617.85	0.998461
-996	0	6618.15	-0.0806094
402	1	6618.8	1.10873
994	0	6618.95	1.1219
969	0	6619.1	1.08435
638	0	6620.75	0.970374
-371	0	6622.85	-0.0830738
514	0	6623.7	0.968745
-811	0	6623.75	-0.0830294
-341	0	6624.6	-0.0807601
-46	0	6625.8	-0.0843666
-446	0	6625.8	-0.0801002
478	0	6626.85	0.990036
-66	0	6627.05	-0.0815999
153	0	6627.05	1.11569
-536	0	6628.95	-0.0815387
-156	0	6630.1	-0.0785435
484	0	6631.2	1.11665
-321	0	6631.7	-0.077402
-1	0	6633	-0.0802484
-801	0	6633.3	-0.0830955
-881	0	6633.75	-0.0778933
-721	0	6634.25	-0.0817729
-546	0	6634.55	-0.0772397
-936	0	6634.75	-0.0833808
-306	0	6636.5	-0.080816
560	0	6638.6	1.09396
498	0	6639.1	0.944977
-286	0	6639.2	-0.0782483
52	0	6639.8	1.09335
710	0	6640	1.04145
-351	0	6641.65	-0.0791931
-41	0	6644.2	-0.0782433
-626	0	6647	-0.0837441
939	1	6648.5	1.04916
314	1	6648.8	1.05931
300	0	6649.15	1.13788
-856	0	6651.35	-0.0818912
-366	0	6652.25	-0.080445
-221	0	6653.8	-0.0776641
-56	0	6653.85	-0.079921
-411	0	6654.3	-0.0776873
-426	0	6655.1	-0.0824613
-836	0	6655.4	-0.0812977
632	0	6656.3	1.00779
-786	0	6658.1	-0.0828528
494	0	6658.9	1.06737
779	0	6659.4	1.12339
-466	0	6660.1	-0.0805563
643	0	6660.85	1.02645
-821	0	6661.5	-0.0789073
58	1	6661.6	0.964232
83	0	6662.5	1.04404
-231	0	6662.55	-0.0823337
344	0	6665.85	0.989837
-241	0	6667.7	-0.0842388
33	1	6667.8	1.08169
-661	0	6668	-0.0775699
-971	0	6668.25	-0.0834307
-51	0	6669.3	-0.0796811
-451	0	6669.3	-0.078615
560	0	6671.85	1.09396
-61	0	6672.15	-0.0779352
-396	0	6673.7	-0.0766992
49	0	6674.55	0.955389
-261	0	6675.65	-0.0827479
-431	0	6676.35	-0.0772391
-226	0	6677.25	-0.0849195
-486	0	6677.75	-0.0847321
40	0	6677.9	1.08771
232	0	6678.4	1.08024
-686	0	6679.1	-0.0797356
260	0	6679.15	1.10979
54	0	6679.2	0.95312
-351	0	6679.2	-0.0791931
-191	0	6679.95	-0.0765217
-6	0	6684.35	-0.0838482
-151	0	6684.5	-0.0808688
-791	0	6684.8	-0.0801424
-166	0	6688.05	-0.0770859
602	1	6689.1	1.00127
279	0	6691.1	1.00854
725	1	6691.9	1.07229
-121	0	6692.65	-0.0832444
-766	0	6693.35	-0.0768392
989	0	6693.7	1.0082
799	0	6695.25	1.00489
577	0	6696.35	1.00956
782	1	6696.6	1.07057
-981	0	6697.1	-0.0839822
-796	0	6697.6	-0.0803646
249	0	6698.25	1.1293
165	0	6699.25	0.996381
-176	0	6699.3	-0.0830368
-656	0	6699.85	-0.0809305
-566	0	6701.2	-0.082176
-706	0	6703.05	-0.076859
-196	0	6704.05	-0.0781131
-281	0	6704.75	-0.0790836
-491	0	6707.7	-0.0772012
-561	0	6708.75	-0.0777979
212	0	6714.25	0.955102
382	0	6717	1.12058
-746	0	6717.15	-0.0847991
218	1	6718.3	1.05432
-861	0	6720.15	-0.081436
42	0	6721.2	1.01782
-936	0	6721.7	-0.0833808
-651	0	6722.5	-0.0800467
-246	0	6723.25	-0.0848732
-76	0	6725.05	-0.0765516
-436	0	6725.35	-0.077752
698	0	6725.45	1.13741
-401	0	6728.85	-0.083864
817	0	6730.25	1.10237
135	0	6731.1	1.0563
-866	0	6731.7	-0.084123
514	0	6733.45	0.968745
-156	0	6733.55	-0.0785435
-831	0	6734.45	-0.0790754
-711	0	6738.3	-0.080729
-376	0	6739.1	-0.0783245
719	1	6739.2	1.07586
-741	0	6739.45	-0.0813032
370	0	6739.6	1.05125
-586	0	6739.75	-0.0769826
-276	0	6740.6	-0.0847992
170	0	6740.75	1.04944
-296	0	6741.3	-0.0799947
-691	0	6742.55	-0.079088
520	1	6744.55	1.04836
-576	0	6745.35	-0.0794072
-701	0	6745.35	-0.0825644
157	1	6747.05	1.02966
628	1	6747.35	1.01775
-876	0	6748.55	-0.0790074
27	1	6749.9	1.10314
-301	0	6750.8	-0.0789082
-531	0	6751	-0.0788477
835	0	6751.45	1.04332
-456	0	6751.65	-0.077531
749	0	6751.9	0.997932
408	0	6753.05	1.01772
-731	0	6757.25	-0.0833127
677	0	6760.35	1.00432
-791	0	6760.4	-0.0801424
-141	0	6762.15	-0.0796677
-871	0	6762.85	-0.078811
-561	0	6763	-0.0777979
349	0	6763.65	1.08905
-151	0	6764.3	-0.0808688
-526	0	6765	-0.0765527
-541	0	6765.15	-0.0767166
2	0	6765.2	1.07775
-926	0	6765.3	-0.0785741
-91	0	6765.45	-0.078353
804	1	6765.7	1.13095
828	0	6767.3	1.02586
843	1	6767.35	1.09241
-906	0	6767.4	-0.0846573
-556	0	6767.65	-0.0795285
-366	0	6768.9	-0.080445
742	1	6771.45	1.08657
-256	0	6772.15	-0.0768471
403	0	6773.6	0.950184
-611	0	6773.65	-0.0817533
-81	0	6773.95	-0.078047
-606	0	6776.3	-0.0801924
673	0	6778.1	0.943592
-696	0	6779.95	-0.0798877
-851	0	6780.4	-0.07696
85	0	6782.05	1.06872
412	1	6782.5	1.09034
169	1	6783	1.1131
784	0	6783	0.946361
-381	0	6785.05	-0.0812728
-186	0	6785.2	-0.0791982
-216	0	6785.25	-0.0818204
240	0	6786.1	1.09742
-331	0	6787.85	-0.0769736
-471	0	6789.5	-0.0802112
-316	0	6790.4	-0.0846462
-931	0	6792.3	-0.08171
-806	0	6792.35	-0.07756
-346	0	6792.85	-0.076579
347	1	6794.25	0.981962
-571	0	6794.35	-0.0782535
-386	0	6795.25	-0.0788743
-26	0	6795.5	-0.0842228
-666	0	6795.9	-0.0785022
-391	0	6796.4	-0.0785597
-511	0	6797.75	-0.0840481
385	0	6797.9	0.953556
-776	0	6799.05	-0.0780672
-266	0	6799.75	-0.0806958
-336	0	6800.9	-0.081515
-771	0	6801.05	-0.0843127
-641	0	6802	-0.0791974
652	1	6802.3	1.0154
-201	0	6802.5	-0.0809916
433	0	6804.6	1.00174
-11	0	6804.65	-0.0839367
-246	0	6804.8	-0.0848732
-461	0	6805.3	-0.0783085
-671	0	6806.35	-0.077743
159	0	6807.3	1.04022
592	0	6807.65	1.00709
728	0	6808	0.969708
-616	0	6808.25	-0.0845813
-581	0	6808.55	-0.0806321
-751	0	6808.9	-0.0797742
-291	0	6809.6	-0.077939
220	0	6809.75	1.05026
-16	0	6809.95	-0.0846133
-521	0	6811.35	-0.0772987
-516	0	6811.65	-0.0803058
-416	0	6813.55	-0.0792779
255	0	6813.95	1.00525
-846	0	6814.45	-0.0786955
474	0	6815.05	1.05096
-506	0	6816.5	-0.0826672
-101	0	6816.6	-0.078903
934	0	6817.05	1.12219
964	1	6818.2	1.03273
-631	0	6819.45	-0.0797259
-446	0	6819.95	-0.0801002
-501	0	6820.7	-0.0840713
-71	0	6821.55	-0.0767154
-206	0	6822.2	-0.0782305
-461	0	6822.3	-0.0783085
-816	0	6822.7	-0.0848025
-496	0	6823.4	-0.0838531
-941	0	6823.55	-0.0783142
-841	0	6823.75	-0.0840403
-901	0	6825	-0.0819046
194	0	6825.5	1.05841
-151	0	6825.85	-0.0808688
409	0	6825.85	1.0394
493	1	6826	1.09994
60	1	6828.1	1.08369
723	0	6828.4	1.01095
-406	0	6828.8	-0.0843524
28	0	6828.95	0.955272
95	1	6829.6	0.990679
-136	0	6830.15	-0.0835823
-331	0	6830.2	-0.0769736
-886	0	6832.45	-0.0805026
-86	0	6832.5	-0.0794516
-826	0	6832.8	-0.0811281
709	0	6833.45	1.10493
-321	0	6834.05	-0.077402
-361	0	6835.25	-0.0848789
-791	0	6835.45	-0.0801424
-356	0	6835.95	-0.0802357
-271	0	6836.45	-0.0768328
955	0	6836.75	1.01566
473	0	6837.25	1.11342
-546	0	6837.85	-0.0772397
780	1	6838.55	1.12381
-111	0	6838.75	-0.0812885
-971	0	6838.9	-0.0834307
-591	0	6839	-0.0787473
-951	0	6839.4	-0.08029
953	1	6839.5	1.00613
757	0	6840.45	0.94651
390	0	6840.9	1.09239
-251	0	6841.2	-0.0810261
377	1	6841.6	1.06283
-976	0	6841.7	-0.0843854
-651	0	6843.65	-0.0800467
413	0	6844	1.04966
-71	0	6844.75	-0.0767154
554	0	6845.1	0.988697
190	0	6845.25	1.02972
-501	0	6846	-0.0840713
188	0	6846.6	1.05168
-991	0	6847.25	-0.0802974
933	0	6848	1.12981
-961	0	6848.5	-0.0833994
-646	0	6849.1	-0.0801935
-601	0	6849.25	-0.0806346
-211	0	6849.85	-0.0795993
-676	0	6850.95	-0.0814852
-311	0	6854	-0.0847118
398	0	6857.05	1.10489
-146	0	6857.7	-0.0834786
-956	0	6858.6	-0.0828554
-811	0	6859.8	-0.0830294
-966	0	6860.4	-0.0830843
-986	0	6862.5	-0.0804334
-31	0	6863.1	-0.0785865
998	0	6865.9	1.02427
-126	0	6866.2	-0.0796804
523	0	6866.75	1.12508
-511	0	6867.2	-0.0840481
224	1	6871.55	0.963048
707	0	6871.6	1.07497
-481	0	6872.05	-0.0813673
827	1	6872.55	1.10279
887	0	6872.95	0.990139
-286	0	6873.7	-0.0782483
-131	0	6874.15	-0.0817174
132	1	6875.95	0.997053
-36	0	6879.65	-0.0838789
-826	0	6880.15	-0.0811281
-356	0	6884.4	-0.0802357
400	0	6886.4	0.944571
392	0	6887.15	1.03165
347	1	6887.55	0.981962
-41	0	6888.65	-0.0782433
-756	0	6888.65	-0.0806693
-106	0	6890.5	-0.076878
-116	0	6892.65	-0.0765093
282	0	6892.65	1.07455
-896	0	6894.65	-0.0815361
-761	0	6895.35	-0.0829804
447	1	6896.8	1.12795
-881	0	6897.9	-0.0778933
-536	0	6898.4	-0.0815387
-171	0	6899.1	-0.0840537
132	1	6900.65	0.997053
952	0	6903.55	1.00466
317	0	6906.55	1.10768
-236	0	6906.95	-0.0840244
-746	0	6907.95	-0.0847991
-46	0	6910.3	-0.0843666
-921	0	6910.45	-0.0840521
918	0	6910.5	1.06499
-996	0	6910.6	-0.0806094
-621	0	6910.95	-0.0833915
-736	0	6913.95	-0.0799767
-326	0	6914.15	-0.0825235
327	0	6917.8	1.0428
352	1	6918.1	1.11418
324	0	6920.75	0.961775
474	0	6921.1	1.05096
-396	0	6922.35	-0.0766992
-66	0	6922.45	-0.0815999
-801	0	6923	-0.0830955
-856	0	6923.3	-0.0818912
-891	0	6924.35	-0.083865
460	0	6929.2	1.05749
703	0	6929.45	1.05766
-56	0	6930.15	-0.079921
852	1	6930.2	1.13553
104	1	6931.2	1.11799
925	0	6932.45	1.06261
-1	0	6933.55	-0.0802484
-21	0	6933.95	-0.081437
354	1	6936.5	0.940773
-726	0	6936.6	-0.0847117
687	0	6936.9	1.09492
-161	0	6937	-0.0769247
-421	0	6937.05	-0.0835759
-51	0	6937.45	-0.0796811
-911	0	6937.6	-0.07857
725	1	6938.65	1.07229
-661	0	6938.95	-0.0775699
-996	0	6939.8	-0.0806094
895	1	6943.2	0.977672
743	0	6943.9	1.01128
-791	0	6944.4	-0.0801424
448	1	6945	0.988819
-596	0	6946.1	-0.0832185
-191	0	6946.25	-0.0765217
694	0	6947.45	1.03538
-61	0	6947.5	-0.0779352
-636	0	6947.8	-0.0834511
-376	0	6949.35	-0.0783245
860	0	6951.25	1.05239
198	0	6951.4	1.04149
553	0	6952	1.05149
102	0	6952.6	1.10847
-96	0	6952.85	-0.0785992
-436	0	6953.35	-0.077752
348	0	6954.45	1.13359
-686	0	6956.1	-0.0797356
-491	0	6956.15	-0.0772012
-916	0	6957	-0.0831004
435	0	6958.6	0.965826
-166	0	6959.4	-0.0770859
-241	0	6959.8	-0.0842388
-716	0	6960.6	-0.0835326
-341	0	6960.95	-0.0807601
-721	0	6961.85	-0.0817729
930	0	6963.2	0.968441
-171	0	6963.8	-0.0840537
-451	0	6963.85	-0.078615
820	0	6964.05	0.99591
-371	0	6964.45	-0.0830738
994	0	6966.1	1.1219
212	0	6967.8	0.955102
770	0	6968.15	1.04183
755	0	6968.35	0.945078
575	0	6969.85	0.986717
-706	0	6971.3	-0.076859
-196	0	6972.5	-0.0781131
-141	0	6974.4	-0.0796677
-221	0	6974.95	-0.0776641
564	1	6978.45	0.955
-886	0	6978.85	-0.0805026
-786	0	6978.95	-0.0828528
-876	0	6979.5	-0.0790074
-821	0	6980.85	-0.0789073
-766	0	6982.5	-0.0768392
147	0	6984.6	1.04439
-76	0	6985.9	-0.0765516
-466	0	6987.15	-0.0805563
-401	0	6989.35	-0.083864
850	0	6992.55	1.00995
285	1	6996.6	0.970078
200	0	6996.8	0.994794
-736	0	6997	-0.0799767
-456	0	6998.5	-0.077531
-711	0	6998.55	-0.080729
-831	0	7000	-0.0790754
