510	1	4000.3	1.20172
619	0	4000.4	1.25208
893	0	4000.5	1.20689
770	0	4000.55	1.24639
587	0	4000.7	1.18077
764	1	4000.75	1.20743
182	0	4000.85	1.21479
-86	0	4001.3	-0.0790285
160	0	4002.05	1.08103
197	0	4002.1	1.17936
543	0	4002.4	1.25671
828	0	4003.15	1.25412
968	0	4003.3	1.26987
-531	0	4004.5	-0.0811807
-781	0	4004.6	-0.0767207
317	0	4004.7	1.20863
150	0	4005	1.23042
873	1	4005.6	1.2125
-446	0	4005.65	-0.0820781
204	0	4006.05	1.17751
458	1	4006.2	1.25475
673	0	4006.35	1.23949
692	0	4006.4	1.23728
-616	0	4006.45	-0.0805826
979	0	4006.65	1.2572
255	1	4006.85	1.21474
324	0	4007.05	1.26767
829	0	4007.3	1.19169
-376	0	4007.5	-0.0843473
773	0	4007.95	1.1884
-671	0	4008.2	-0.0847565
-186	0	4008.3	-0.0844151
127	0	4008.6	1.20728
685	1	4008.95	1.266
890	0	4009.75	1.2647
53	0	4009.9	1.23912
652	0	4009.9	1.20812
677	0	4010.15	1.25021
-276	0	4010.25	-0.0819871
34	0	4010.45	1.21515
-426	0	4010.45	-0.0789412
-316	0	4010.55	-0.0787772
637	1	4010.6	1.25843
497	1	4010.65	1.21217
559	0	4010.65	1.23973
412	0	4010.7	1.24248
762	0	4010.85	1.11063
615	0	4010.95	1.25097
292	0	4012.6	1.20993
365	0	4012.9	1.21669
274	0	4013.05	1.23993
553	0	4013.05	1.24182
620	0	4013.25	1.15963
209	0	4013.7	1.26827
-691	0	4013.8	-0.0836728
192	0	4013.9	1.22532
69	0	4014.25	1.25444
417	0	4014.45	1.21505
-746	0	4014.45	-0.0826763
709	0	4014.85	1.2436
585	0	4015.2	1.18339
589	0	4015.35	1.19918
-936	0	4015.35	-0.0783792
-986	0	4016.45	-0.0786666
48	0	4016.5	1.24165
248	0	4016.65	1.25418
460	0	4016.85	1.21063
-971	0	4016.85	-0.0827419
700	0	4016.9	1.23852
314	0	4016.95	1.17849
70	0	4017.2	1.25905
825	1	4017.5	1.24477
800	1	4017.6	1.18686
108	0	4017.8	1.21789
-361	0	4018.5	-0.0767746
599	0	4019.2	1.21055
963	0	4019.3	1.20571
90	0	4019.4	1.26776
469	1	4019.45	1.26359
-131	0	4019.7	-0.0816311
-841	0	4019.8	-0.0836364
987	0	4019.8	1.19462
972	0	4019.9	1.25512
394	0	4020.2	1.20491
75	0	4020.7	1.23188
320	0	4020.7	1.16263
783	0	4020.7	1.2287
-861	0	4020.95	-0.0827602
725	0	4021.05	1.23264
-876	0	4021.3	-0.0782037
164	0	4021.5	1.26525
-391	0	4021.9	-0.0805533
837	0	4022.25	1.26865
169	0	4022.3	1.23037
-271	0	4023.15	-0.0847218
-756	0	4023.25	-0.0831476
42	1	4023.45	1.26489
484	0	4023.7	1.25521
372	1	4024.45	1.26468
358	0	4024.5	1.10553
14	0	4024.75	1.22922
568	1	4024.85	1.20449
-21	0	4024.9	-0.0827179
898	0	4025.25	1.26653
-51	0	4025.6	-0.0784864
533	0	4025.6	1.2038
539	0	4025.85	1.1867
565	0	4025.9	1.18014
-111	0	4026	-0.0848851
-916	0	4026.05	-0.0778707
-611	0	4026.6	-0.0790059
18	0	4027	1.26247
-591	0	4027.95	-0.0780313
884	0	4028	1.26082
367	0	4028.05	1.2467
869	0	4028.8	1.23101
772	1	4028.95	1.09792
945	0	4028.95	1.22857
60	1	4029.3	1.25167
335	1	4029.45	1.19674
-231	0	4029.5	-0.0795435
225	0	4030	1.2633
-436	0	4030.1	-0.0821152
-346	0	4030.3	-0.0787887
-871	0	4030.65	-0.0794662
-626	0	4030.75	-0.0786401
-786	0	4031.05	-0.078537
252	0	4031.2	1.23003
655	0	4032	1.22261
58	0	4032.5	1.20085
40	0	4032.85	1.20689
-401	0	4033.1	-0.0783108
-1	0	4033.45	-0.0818602
-491	0	4033.55	-0.0795285
639	0	4033.9	1.25481
813	0	4033.95	1.19669
-556	0	4034.1	-0.0770068
253	0	4034.2	1.24584
309	0	4034.4	1.25335
-386	0	4034.5	-0.0837885
-76	0	4034.9	-0.0836006
9	0	4034.95	1.18204
410	0	4036.3	1.11339
264	0	4036.45	1.24185
-516	0	4036.45	-0.0785704
755	0	4037.5	1.24181
250	0	4037.55	1.07838
-396	0	4037.7	-0.0768374
-96	0	4038.05	-0.0788536
-986	0	4038.1	-0.0786666
600	1	4038.2	1.26782
-991	0	4038.65	-0.0770661
538	1	4038.8	1.22668
582	0	4038.95	1.26795
-66	0	4039.65	-0.081952
-296	0	4040.65	-0.0804583
349	0	4041.3	1.20706
-191	0	4041.4	-0.0796722
347	0	4041.55	1.26887
-91	0	4041.75	-0.0790201
-551	0	4042.1	-0.0781117
975	1	4042.45	1.21425
113	0	4042.5	1.21073
163	0	4042.6	1.24636
-261	0	4043	-0.0842753
-516	0	4043.35	-0.0785704
808	0	4043.6	1.25129
634	0	4043.75	1.21569
517	0	4044	1.24549
-701	0	4044	-0.0801587
-451	0	4044.15	-0.0802119
570	0	4044.3	1.26429
-281	0	4044.35	-0.0819125
523	0	4044.75	1.23274
-711	0	4044.9	-0.0846803
977	1	4045.3	1.23501
-771	0	4045.45	-0.0846789
-826	0	4045.45	-0.0797886
332	0	4045.65	1.18481
740	0	4046.45	1.26273
-801	0	4047.15	-0.0790191
234	0	4047.3	1.21025
300	0	4048	1.2528
28	0	4048.2	1.22306
763	0	4048.4	1.2387
-706	0	4048.85	-0.0811305
422	0	4049.85	1.26975
100	0	4050.75	1.21728
-321	0	4050.8	-0.0793801
124	0	4050.9	1.22896
475	0	4051.05	1.07916
-196	0	4051.2	-0.0825389
-136	0	4052.05	-0.0810651
195	1	4052.15	1.2262
703	0	4052.5	1.2408
247	1	4052.55	1.24642
638	0	4052.65	1.22975
214	0	4052.75	1.24734
187	0	4052.95	1.2424
-236	0	4053.1	-0.0830592
845	0	4053.4	1.10045
478	0	4053.45	1.22796
330	0	4053.55	1.17379
-476	0	4054.1	-0.0783654
245	1	4054.35	1.20639
500	0	4055.1	1.19611
513	0	4055.25	1.22053
-981	0	4055.55	-0.0795261
-226	0	4055.7	-0.0825775
227	0	4055.7	1.18663
215	0	4055.8	1.24289
-61	0	4055.9	-0.0827715
152	0	4055.95	1.26499
688	1	4056.85	1.20431
228	0	4056.95	1.23592
334	0	4057.05	1.23747
27	0	4057.3	1.19396
299	0	4057.3	1.12308
508	0	4057.3	1.21369
128	0	4057.6	1.21097
205	0	4057.85	1.26114
-761	0	4058.05	-0.0774219
515	0	4058.15	1.19704
749	0	4058.6	1.09679
-661	0	4058.7	-0.0791207
-811	0	4059	-0.0806842
827	0	4059.15	1.26997
180	0	4059.9	1.10388
-246	0	4060.2	-0.0782399
109	1	4060.55	1.25494
522	1	4060.95	1.26433
945	0	4061	1.22857
-116	0	4061.1	-0.0786796
849	0	4061.45	1.22379
580	0	4061.55	1.21962
577	0	4061.8	1.22609
-966	0	4062.05	-0.0772582
460	0	4062.45	1.21063
978	0	4062.5	1.24848
288	0	4062.6	1.23216
550	0	4063.3	1.26971
928	1	4063.4	1.22054
313	0	4063.45	1.22194
892	0	4064.45	1.26306
710	1	4064.5	1.21148
450	1	4064.6	1.2444
762	0	4065.35	1.11063
727	0	4065.6	1.24994
-351	0	4065.65	-0.0769191
88	0	4065.7	1.25639
105	0	4065.7	1.2654
434	0	4065.95	1.24022
433	1	4066.1	1.24329
282	0	4066.25	1.21704
329	0	4066.3	1.23244
845	0	4066.55	1.10045
-101	0	4067.1	-0.0847597
874	0	4067.15	1.25003
947	1	4067.25	1.22421
885	0	4067.3	1.26853
-46	0	4067.6	-0.079866
82	1	4067.85	1.2674
793	1	4068.15	1.22256
257	0	4069	1.26595
960	0	4069	1.2353
835	1	4069.15	1.21235
-371	0	4069.45	-0.0849088
998	0	4069.5	1.26305
527	0	4069.55	1.25076
442	0	4069.9	1.20916
624	0	4070	1.26465
145	1	4070.15	1.26451
-201	0	4070.25	-0.0794485
-881	0	4070.55	-0.0823628
397	1	4070.65	1.23958
-26	0	4070.85	-0.0844811
839	1	4070.9	1.22793
-501	0	4071.8	-0.0768772
307	1	4071.85	1.20501
962	1	4071.9	1.19026
614	0	4072.9	1.24977
-596	0	4073.25	-0.0849925
964	0	4074.15	1.21073
732	0	4074.4	1.22371
-586	0	4074.55	-0.0781322
-451	0	4075.15	-0.0802119
-56	0	4075.2	-0.077126
-751	0	4075.25	-0.0836268
453	1	4075.3	1.25863
-641	0	4075.5	-0.0812682
398	0	4075.75	1.23048
485	0	4075.8	1.21639
342	0	4076.15	1.22134
425	1	4076.2	1.21039
525	0	4076.7	1.24695
-606	0	4076.75	-0.0795636
170	0	4077.25	1.18664
238	0	4077.25	1.23562
20	1	4077.4	1.09815
767	1	4077.5	1.26774
602	0	4077.65	1.20523
778	0	4077.7	1.21791
674	0	4077.85	1.14134
558	1	4078.05	1.20241
504	1	4078.1	1.22447
114	1	4078.55	1.21025
477	0	4078.7	1.22967
598	1	4078.85	1.10388
950	0	4078.85	1.20461
315	0	4079.1	1.22978
-931	0	4079.2	-0.0816406
-926	0	4079.4	-0.0843247
1000	0	4079.5	1.21131
654	0	4079.6	1.26667
452	0	4080.8	1.2284
80	1	4080.9	1.20125
955	0	4081.1	1.20537
363	0	4081.25	1.22426
129	0	4081.35	1.17142
742	1	4081.35	1.22988
368	0	4082.15	1.16772
104	0	4082.3	1.1964
909	0	4082.4	1.19833
865	0	4082.9	1.19473
532	0	4083.35	1.26494
774	0	4083.35	1.20981
420	0	4083.4	1.25131
380	0	4083.6	1.18159
218	0	4083.65	1.26396
-356	0	4083.7	-0.0821998
630	1	4084.3	1.16572
575	1	4084.8	1.20356
325	0	4085.3	1.22655
159	0	4085.4	1.21256
733	0	4085.55	1.25903
59	0	4085.6	1.20446
739	0	4085.85	1.22653
940	0	4086.45	1.19817
765	1	4086.55	1.25922
964	0	4086.75	1.21073
794	0	4086.85	1.19442
360	0	4087.2	1.19837
990	0	4087.2	1.19482
-976	0	4087.3	-0.0816875
373	0	4087.35	1.18849
683	0	4087.9	1.21506
775	0	4088.05	1.23445
818	0	4088.15	1.22902
-706	0	4088.4	-0.0811305
795	0	4088.4	1.21784
-151	0	4088.55	-0.0791056
-636	0	4088.55	-0.0831306
628	1	4088.75	1.25645
179	0	4089.3	1.18571
-146	0	4089.35	-0.0811519
130	0	4089.4	1.24071
-16	0	4089.6	-0.0808333
702	0	4089.85	1.1648
-196	0	4090.3	-0.0825389
494	0	4090.35	1.26792
954	0	4090.5	1.23315
97	1	4090.65	1.19797
684	0	4090.7	1.2488
-571	0	4090.9	-0.0822936
139	0	4091.1	1.17632
293	0	4091.2	1.24633
649	0	4091.25	1.17805
734	0	4091.3	1.19944
675	0	4091.5	1.18726
-666	0	4091.75	-0.077006
-441	0	4091.9	-0.0828971
362	0	4091.95	1.19147
312	0	4092.15	1.19433
275	0	4092.75	1.23928
768	1	4093.1	1.24089
453	1	4093.3	1.25863
340	0	4093.35	1.24469
-911	0	4093.8	-0.0769188
-986	0	4093.9	-0.0786666
495	0	4094	1.07224
782	1	4094.2	1.24862
47	0	4094.35	1.23764
-836	0	4094.45	-0.0830928
74	1	4094.5	1.16869
302	1	4094.85	1.1991
995	0	4094.85	1.17415
977	1	4095.55	1.23501
137	0	4095.75	1.22587
147	1	4095.95	1.2012
-851	0	4096	-0.0801218
438	0	4096.1	1.20149
85	0	4096.15	1.23448
-286	0	4096.2	-0.082008
973	0	4096.35	1.22499
670	1	4096.7	1.24587
365	0	4098.25	1.21669
800	1	4098.3	1.18686
370	0	4098.9	1.22686
882	0	4099.05	1.25308
363	0	4099.35	1.22426
967	1	4099.85	1.26503
777	0	4100	1.2392
798	0	4100	1.25406
933	0	4100.4	1.18865
378	0	4100.7	1.19241
73	0	4101.1	1.24528
165	1	4101.3	1.19245
594	0	4102	1.23579
879	1	4102	1.25272
-106	0	4102.15	-0.0820686
454	0	4102.45	1.18221
519	0	4102.75	1.22427
994	1	4102.9	1.24972
477	0	4103.15	1.22967
739	0	4103.3	1.22653
697	0	4103.45	1.21326
608	0	4103.8	1.19484
12	0	4104.3	1.20674
759	0	4104.3	1.15913
-796	0	4104.35	-0.0778648
413	1	4105.1	1.23037
-211	0	4105.25	-0.0786049
980	0	4105.25	1.19341
354	1	4105.3	1.14413
375	0	4105.35	1.25755
862	0	4105.6	1.24874
364	0	4105.7	1.21453
459	0	4105.75	1.2383
790	1	4105.75	1.26386
894	1	4106.5	1.26972
-351	0	4106.85	-0.0769191
-471	0	4106.85	-0.0811778
888	0	4106.9	1.2628
348	1	4107.1	1.18447
197	0	4107.7	1.17936
648	0	4108	1.24747
-206	0	4108.05	-0.0766647
637	1	4108.55	1.25843
-226	0	4108.9	-0.0825775
-561	0	4109.2	-0.0819157
209	0	4109.5	1.26827
587	0	4109.8	1.18077
548	0	4109.95	1.20269
488	0	4111	1.22188
282	0	4111.1	1.21704
267	1	4111.35	1.19091
-326	0	4111.8	-0.0818293
723	0	4111.95	1.24199
-736	0	4112.2	-0.0812128
-676	0	4112.4	-0.0801208
899	0	4112.55	1.20019
742	1	4113.3	1.22988
150	0	4113.35	1.23042
-496	0	4113.4	-0.0797042
-866	0	4113.4	-0.0780137
23	0	4114	1.23178
-971	0	4114	-0.0827419
798	0	4114.45	1.25406
217	0	4114.95	1.19475
-601	0	4114.95	-0.0845721
802	0	4115	1.26806
657	0	4115.2	1.23454
48	0	4115.4	1.24165
949	0	4115.4	1.22536
-716	0	4115.65	-0.0768287
-711	0	4115.8	-0.0846803
927	0	4115.95	1.24797
799	0	4116	1.22741
72	0	4117.05	1.23566
120	0	4117.25	1.26629
-156	0	4117.35	-0.0770979
122	0	4117.45	1.18824
132	0	4117.65	1.1576
642	0	4117.65	1.23205
-291	0	4117.7	-0.0779666
712	0	4118.15	1.22606
604	1	4118.4	1.23208
334	0	4118.55	1.23747
809	0	4118.85	1.22851
537	0	4119.45	1.15922
462	0	4119.9	1.12986
405	0	4120.65	1.25755
750	0	4120.85	1.18901
-531	0	4121.65	-0.0811807
-846	0	4121.8	-0.0774653
314	0	4122.1	1.17849
-171	0	4122.2	-0.0806644
269	0	4122.25	1.19692
838	0	4122.7	1.23468
803	1	4122.75	1.16676
343	0	4123.1	1.20081
929	1	4123.35	1.21721
629	1	4123.5	1.24331
-306	0	4123.55	-0.0848825
760	0	4124.05	1.20162
-506	0	4124.35	-0.0803501
-631	0	4124.4	-0.081292
744	0	4124.4	1.2414
-896	0	4124.55	-0.0842685
668	0	4124.85	1.18335
999	0	4125.35	1.25408
635	0	4125.45	1.24057
505	0	4125.55	1.20852
889	1	4125.95	1.23677
-961	0	4126.5	-0.0781891
823	0	4126.55	1.19648
402	1	4126.8	1.1947
752	0	4128.65	1.18475
887	0	4129.05	1.25285
662	1	4129.35	1.25554
578	1	4129.6	1.24029
778	0	4129.85	1.21791
347	0	4130	1.26887
244	0	4130.6	1.2495
390	0	4130.85	1.09522
619	0	4131	1.25208
968	0	4131	1.26987
-36	0	4131.75	-0.0805742
249	0	4132	1.07437
278	0	4132.95	1.22987
-466	0	4133.6	-0.0818656
543	0	4133.65	1.25671
254	1	4133.75	1.16356
770	0	4134.1	1.24639
-946	0	4135.1	-0.0829037
-726	0	4135.25	-0.0791974
324	0	4135.3	1.26767
-461	0	4135.35	-0.0803266
599	0	4136.05	1.21055
-656	0	4136.75	-0.0789346
979	0	4137.15	1.2572
202	0	4137.6	1.21987
367	0	4137.65	1.2467
685	1	4138	1.266
828	0	4138	1.25412
-71	0	4138.2	-0.0829944
749	0	4138.2	1.09679
182	0	4138.75	1.21479
-11	0	4138.85	-0.0837436
-651	0	4138.9	-0.0769029
890	0	4139	1.2647
235	0	4139.4	1.19635
858	1	4139.5	1.16709
622	0	4139.75	1.12594
692	0	4139.9	1.23728
677	0	4140.1	1.25021
458	1	4140.15	1.25475
-121	0	4140.6	-0.0847054
-546	0	4140.6	-0.0780091
337	1	4140.75	1.12232
673	0	4140.85	1.23949
953	0	4140.9	1.18886
615	0	4141.05	1.25097
559	0	4141.5	1.23973
510	1	4141.6	1.20172
893	0	4141.75	1.20689
53	0	4141.8	1.23912
-576	0	4141.95	-0.0783296
764	1	4142.95	1.20743
317	0	4143.2	1.20863
-581	0	4143.25	-0.0770556
-256	0	4143.3	-0.0789299
658	0	4143.6	1.17626
274	0	4144.8	1.23993
-831	0	4144.9	-0.078657
763	0	4145	1.2387
69	0	4145.25	1.25444
412	0	4145.85	1.24248
34	0	4146.05	1.21515
-766	0	4146.2	-0.077059
255	1	4146.55	1.21474
90	0	4146.95	1.26776
553	0	4147.3	1.24182
-6	0	4147.4	-0.0800403
829	0	4147.95	1.19169
248	0	4148	1.25418
709	0	4148.3	1.2436
-526	0	4148.35	-0.0767728
164	0	4148.8	1.26525
469	1	4148.85	1.26359
-951	0	4148.85	-0.0798868
192	0	4150.1	1.22532
873	1	4150.15	1.2125
70	0	4150.25	1.25905
652	0	4150.4	1.20812
972	0	4150.85	1.25512
417	0	4151.1	1.21505
825	1	4151.4	1.24477
975	1	4151.4	1.21425
-856	0	4151.45	-0.0788911
88	0	4151.8	1.25639
-676	0	4151.8	-0.0801208
700	0	4152.05	1.23852
292	0	4152.3	1.20993
42	1	4152.45	1.26489
-651	0	4152.45	-0.0769029
372	1	4152.95	1.26468
497	1	4152.95	1.21217
837	0	4153.25	1.26865
903	0	4153.3	1.15611
127	0	4153.65	1.20728
-81	0	4153.85	-0.0780129
484	0	4153.95	1.25521
898	0	4153.95	1.26653
725	0	4154.3	1.23264
-686	0	4154.6	-0.0790633
204	0	4155.05	1.17751
629	1	4155.25	1.24331
783	0	4155.45	1.2287
884	0	4155.75	1.26082
790	1	4156.5	1.26386
195	1	4157.5	1.2262
18	0	4157.55	1.26247
589	0	4157.55	1.19918
963	0	4157.9	1.20571
625	0	4158.5	1.12658
75	0	4158.65	1.23188
225	0	4159.05	1.2633
14	0	4159.65	1.22922
169	0	4159.7	1.23037
773	0	4159.85	1.1884
970	0	4160.15	1.1459
-891	0	4160.3	-0.0769421
108	0	4160.85	1.21789
522	1	4161	1.26433
60	1	4161.5	1.25167
987	0	4161.7	1.19462
-406	0	4162.25	-0.0821574
394	0	4163.6	1.20491
-416	0	4163.6	-0.0825104
-166	0	4163.65	-0.0801145
869	0	4163.85	1.23101
-816	0	4163.9	-0.0819246
-176	0	4164.45	-0.0827467
309	0	4164.5	1.25335
252	0	4164.55	1.23003
-631	0	4164.75	-0.081292
832	0	4164.85	1.08022
878	0	4165.25	1.18885
600	1	4165.4	1.26782
585	0	4165.7	1.18339
568	1	4165.85	1.20449
-596	0	4166.05	-0.0849925
-366	0	4166.1	-0.0834768
998	0	4166.1	1.26305
639	0	4166.5	1.25481
655	0	4166.5	1.22261
533	0	4166.55	1.2038
622	0	4166.65	1.12594
-541	0	4166.8	-0.0790146
582	0	4167.4	1.26795
253	0	4167.5	1.24584
102	0	4168.35	1.20008
-421	0	4168.35	-0.0778557
8	0	4168.4	1.16878
-816	0	4168.4	-0.0819246
-16	0	4169	-0.0808333
335	1	4169.45	1.19674
515	0	4169.45	1.19704
264	0	4170.5	1.24185
755	0	4170.95	1.24181
-141	0	4171.85	-0.0804131
-336	0	4172.2	-0.0806825
40	0	4172.25	1.20689
570	0	4172.35	1.26429
934	0	4173.1	1.16808
163	0	4173.35	1.24636
-491	0	4174.35	-0.0795285
-456	0	4174.55	-0.082725
565	0	4174.65	1.18014
58	0	4175.15	1.20085
693	0	4175.25	1.20408
324	0	4175.8	1.26767
719	0	4175.95	1.23192
539	0	4176.2	1.1867
517	0	4176.35	1.24549
538	1	4176.35	1.22668
808	0	4177.75	1.25129
523	0	4178.25	1.23274
-646	0	4178.6	-0.0767582
813	0	4178.6	1.19669
-941	0	4178.65	-0.0822371
740	0	4178.7	1.26273
422	0	4179.5	1.26975
-496	0	4180.7	-0.0797042
634	0	4180.8	1.21569
137	0	4181.15	1.22587
113	0	4181.8	1.21073
300	0	4182.45	1.2528
-446	0	4183.15	-0.0820781
-481	0	4183.3	-0.0843727
962	1	4183.4	1.19026
-956	0	4184	-0.0822439
330	0	4185.2	1.17379
-381	0	4185.7	-0.0816283
214	0	4185.8	1.24734
152	0	4186.25	1.26499
512	1	4186.3	1.18448
-876	0	4186.6	-0.0782037
345	0	4186.7	1.17831
818	0	4186.85	1.22902
-721	0	4187.1	-0.0828325
225	0	4187.3	1.2633
247	1	4187.4	1.24642
-566	0	4187.4	-0.0807516
-426	0	4187.5	-0.0789412
28	0	4187.6	1.22306
687	0	4187.8	1.18087
638	0	4187.9	1.22975
85	0	4188.3	1.23448
187	0	4188.4	1.2424
478	0	4189	1.22796
460	0	4189.35	1.21063
100	0	4189.4	1.21728
124	0	4189.4	1.22896
349	0	4189.85	1.20706
735	0	4190.9	1.13271
234	0	4191	1.21025
703	0	4191.1	1.2408
827	0	4191.5	1.26997
205	0	4191.95	1.26114
109	1	4193.1	1.25494
892	0	4193.15	1.26306
550	0	4193.35	1.26971
228	0	4193.9	1.23592
-731	0	4194	-0.0817535
-96	0	4194.5	-0.0788536
945	0	4194.5	1.22857
-221	0	4195.05	-0.0809521
763	0	4195.05	1.2387
587	0	4195.6	1.18077
-401	0	4196	-0.0783108
105	0	4196.15	1.2654
82	1	4196.5	1.2674
578	1	4196.7	1.24029
215	0	4196.75	1.24289
433	1	4196.95	1.24329
-126	0	4197	-0.0776982
849	0	4197.05	1.22379
-386	0	4197.2	-0.0837885
-916	0	4197.2	-0.0778707
727	0	4197.45	1.24994
978	0	4197.6	1.24848
-871	0	4197.65	-0.0794662
365	0	4197.7	1.21669
877	0	4197.85	1.18964
947	1	4197.95	1.22421
450	1	4198.4	1.2444
688	1	4198.4	1.20431
829	0	4198.5	1.19169
624	0	4199.15	1.26465
257	0	4199.3	1.26595
410	0	4199.45	1.11339
508	0	4199.5	1.21369
885	0	4199.7	1.26853
27	0	4199.85	1.19396
128	0	4200.15	1.21097
513	0	4200.8	1.22053
985	0	4201.05	1.17888
-996	0	4201.2	-0.080788
602	0	4201.35	1.20523
-51	0	4201.6	-0.0784864
329	0	4202	1.23244
-511	0	4202.05	-0.079882
288	0	4202.2	1.23216
145	1	4202.35	1.26451
397	1	4202.4	1.23958
527	0	4202.4	1.25076
960	0	4202.7	1.2353
-101	0	4202.85	-0.0847597
874	0	4202.9	1.25003
332	0	4203.4	1.18481
-96	0	4203.45	-0.0788536
530	0	4203.65	1.17643
338	1	4203.7	1.17668
710	1	4204.55	1.21148
940	0	4204.7	1.19817
-331	0	4204.8	-0.0806112
-761	0	4205.25	-0.0774219
577	0	4205.45	1.22609
800	1	4205.8	1.18686
-981	0	4205.9	-0.0795261
928	1	4206	1.22054
654	0	4206.1	1.26667
580	0	4206.3	1.21962
-91	0	4206.45	-0.0790201
227	0	4206.6	1.18663
434	0	4206.6	1.24022
448	1	4206.8	1.21391
793	1	4206.8	1.22256
245	1	4206.85	1.20639
767	1	4207.2	1.26774
525	0	4207.85	1.24695
732	0	4208.3	1.22371
-771	0	4208.35	-0.0846789
238	0	4208.8	1.23562
835	1	4208.95	1.21235
-181	0	4209.3	-0.0802557
500	0	4209.5	1.19611
393	1	4209.55	1.19636
839	1	4210.8	1.22793
-21	0	4211.05	-0.0827179
342	0	4211.3	1.22134
-301	0	4211.4	-0.0813886
143	0	4211.45	1.18344
100	0	4212.05	1.21728
-411	0	4212.45	-0.0810423
218	0	4212.55	1.26396
614	0	4212.6	1.24977
420	0	4212.75	1.25131
452	0	4212.8	1.2284
485	0	4213.35	1.21639
532	0	4213.35	1.26494
733	0	4213.4	1.25903
-341	0	4213.5	-0.0774244
-376	0	4213.6	-0.0843473
-936	0	4214.4	-0.0783792
129	0	4215.1	1.17142
765	1	4215.25	1.25922
315	0	4215.35	1.22978
398	0	4215.5	1.23048
-111	0	4215.9	-0.0848851
-76	0	4215.95	-0.0836006
504	1	4216.05	1.22447
-131	0	4216.15	-0.0816311
-791	0	4216.2	-0.080426
833	1	4216.6	1.16845
425	1	4216.8	1.21039
494	0	4217.05	1.26792
977	1	4217.05	1.23501
955	0	4217.25	1.20537
729	0	4217.4	1.18863
-266	0	4217.55	-0.080626
-866	0	4217.6	-0.0780137
324	0	4217.7	1.26767
950	0	4217.9	1.20461
869	0	4217.95	1.23101
108	0	4218.05	1.21789
307	1	4218.15	1.20501
628	1	4218.2	1.25645
114	1	4218.55	1.21025
-1	0	4219.25	-0.0818602
325	0	4219.5	1.22655
558	1	4219.6	1.20241
-786	0	4220.05	-0.078537
774	0	4220.1	1.20981
313	0	4220.2	1.22194
442	0	4220.95	1.20916
104	0	4221.1	1.1964
684	0	4222.2	1.2488
-611	0	4222.3	-0.0790059
-776	0	4222.4	-0.0808301
130	0	4222.95	1.24071
-396	0	4223.1	-0.0768374
-186	0	4223.15	-0.0844151
293	0	4223.2	1.24633
-551	0	4223.2	-0.0781117
-556	0	4223.45	-0.0770068
954	0	4223.65	1.23315
775	0	4223.8	1.23445
360	0	4224	1.19837
795	0	4224.45	1.21784
768	1	4224.5	1.24089
-536	0	4224.65	-0.0838725
909	0	4225	1.19833
-521	0	4225.1	-0.0785232
-321	0	4225.25	-0.0793801
170	0	4225.35	1.18664
794	0	4225.5	1.19442
347	0	4225.6	1.26887
702	0	4225.7	1.1648
575	1	4225.8	1.20356
-811	0	4226	-0.0806842
159	0	4226.05	1.21256
340	0	4226.35	1.24469
213	0	4226.5	1.1755
275	0	4226.6	1.23928
-391	0	4226.7	-0.0805533
782	1	4226.9	1.24862
735	0	4227.1	1.13271
373	0	4227.15	1.18849
773	0	4227.55	1.1884
-741	0	4227.65	-0.0816392
-41	0	4227.85	-0.0845964
683	0	4228.4	1.21506
-756	0	4228.4	-0.0831476
453	1	4228.45	1.25863
47	0	4228.75	1.23764
-276	0	4228.75	-0.0819871
-241	0	4229.4	-0.0846571
334	0	4229.4	1.23747
967	1	4229.55	1.26503
-486	0	4229.95	-0.0836671
80	1	4230.1	1.20125
480	0	4230.45	1.09944
882	0	4230.65	1.25308
-436	0	4231	-0.0821152
-751	0	4231.2	-0.0836268
97	1	4231.95	1.19797
59	0	4232.05	1.20446
499	0	4232.55	1.09274
670	1	4232.9	1.24587
973	0	4233.45	1.22499
438	0	4233.5	1.20149
894	1	4233.7	1.26972
964	0	4233.7	1.21073
-781	0	4234.05	-0.0767207
73	0	4234.1	1.24528
367	0	4234.25	1.2467
879	1	4234.75	1.25272
675	0	4234.8	1.18726
375	0	4234.9	1.25755
777	0	4235	1.2392
-826	0	4235.15	-0.0797886
888	0	4235.3	1.2628
-681	0	4235.55	-0.0804097
370	0	4236.35	1.22686
594	0	4236.7	1.23579
994	1	4237.35	1.24972
363	0	4237.9	1.22426
-501	0	4237.9	-0.0768772
862	0	4237.9	1.24874
147	1	4238.3	1.2012
-66	0	4238.4	-0.081952
-271	0	4238.95	-0.0847218
1000	0	4239	1.21131
519	0	4239.15	1.22427
-701	0	4239.8	-0.0801587
599	0	4240	1.21055
762	0	4240.2	1.11063
413	1	4240.35	1.23037
-801	0	4240.7	-0.0790191
209	0	4240.85	1.26827
637	1	4240.9	1.25843
648	0	4241.05	1.24747
459	0	4241.35	1.2383
-116	0	4241.4	-0.0786796
364	0	4241.55	1.21453
-136	0	4242	-0.0810651
-26	0	4242.6	-0.0844811
35	1	4242.6	1.12092
312	0	4242.85	1.19433
-216	0	4243.1	-0.0845487
477	0	4243.1	1.22967
697	0	4243.4	1.21326
-316	0	4244.5	-0.0787772
-336	0	4245.25	-0.0806825
-236	0	4245.85	-0.0830592
803	1	4246.65	1.16676
-86	0	4246.7	-0.0790285
120	0	4246.85	1.26629
723	0	4247.05	1.24199
302	1	4247.35	1.1991
-806	0	4247.65	-0.0812442
12	0	4248.15	1.20674
927	0	4248.5	1.24797
-56	0	4248.95	-0.077126
88	0	4249	1.25639
802	0	4249.8	1.26806
23	0	4250	1.23178
-966	0	4250.1	-0.0772582
742	1	4250.2	1.22988
604	1	4250.45	1.23208
739	0	4250.85	1.22653
150	0	4251.05	1.23042
378	0	4251.1	1.19241
-976	0	4251.1	-0.0816875
949	0	4251.4	1.22536
657	0	4251.45	1.23454
405	0	4251.6	1.25755
608	0	4252.55	1.19484
799	0	4253.2	1.22741
642	0	4253.55	1.23205
-296	0	4253.6	-0.0804583
393	1	4254.2	1.19636
139	0	4254.5	1.17632
798	0	4254.6	1.25406
809	0	4254.75	1.22851
899	0	4255.05	1.20019
778	0	4255.35	1.21791
-921	0	4256.5	-0.0844251
-691	0	4256.75	-0.0836728
48	0	4256.9	1.24165
-606	0	4257	-0.0795636
-906	0	4257	-0.0834593
195	1	4257.05	1.2262
184	0	4257.2	1.20417
-246	0	4257.65	-0.0782399
838	0	4257.8	1.23468
-931	0	4257.8	-0.0816406
-586	0	4258.1	-0.0781322
635	0	4258.35	1.24057
-46	0	4258.55	-0.079866
999	0	4258.95	1.25408
929	1	4259.1	1.21721
522	1	4259.15	1.26433
889	1	4259.25	1.23677
968	0	4259.5	1.26987
744	0	4259.7	1.2414
72	0	4260.05	1.23566
223	0	4260.05	1.1142
267	1	4260.25	1.19091
662	1	4260.55	1.25554
887	0	4260.85	1.25285
-821	0	4261.25	-0.0811081
-881	0	4262.1	-0.0823628
244	0	4262.15	1.2495
619	0	4262.6	1.25208
-96	0	4262.95	-0.0788536
269	0	4263.25	1.19692
343	0	4263.3	1.20081
-861	0	4263.3	-0.0827602
543	0	4263.8	1.25671
-431	0	4265	-0.0820183
587	0	4265.9	1.18077
217	0	4266.7	1.19475
-886	0	4266.85	-0.0843674
783	0	4267	1.2287
-626	0	4267.1	-0.0786401
760	0	4267.45	1.20162
505	0	4267.65	1.20852
770	0	4267.7	1.24639
823	0	4267.75	1.19648
890	0	4267.8	1.2647
-746	0	4268.45	-0.0826763
402	1	4268.6	1.1947
-841	0	4269.05	-0.0836364
979	0	4269.2	1.2572
-356	0	4269.25	-0.0821998
685	1	4270.1	1.266
278	0	4270.5	1.22987
314	0	4270.5	1.17849
828	0	4270.6	1.25412
615	0	4270.8	1.25097
790	1	4271.05	1.26386
750	0	4271.2	1.18901
677	0	4271.5	1.25021
-661	0	4272.45	-0.0791207
-901	0	4273.1	-0.0789212
-926	0	4274.1	-0.0843247
90	0	4274.3	1.26776
458	1	4274.7	1.25475
53	0	4274.85	1.23912
182	0	4274.85	1.21479
559	0	4274.9	1.23973
69	0	4275.2	1.25444
692	0	4275.25	1.23728
164	0	4275.85	1.26525
274	0	4276.55	1.23993
878	0	4276.65	1.18885
710	1	4276.8	1.21148
375	0	4276.95	1.25755
-616	0	4277.25	-0.0805826
553	0	4277.75	1.24182
469	1	4278.3	1.26359
202	0	4278.4	1.21987
-636	0	4278.45	-0.0831306
673	0	4278.45	1.23949
-311	0	4278.55	-0.0795281
412	0	4278.8	1.24248
248	0	4279.35	1.25418
678	0	4279.35	1.08889
709	0	4279.8	1.2436
752	0	4279.85	1.18475
822	0	4280.5	1.07688
-31	0	4280.65	-0.0846994
972	0	4281.1	1.25512
317	0	4281.2	1.20863
893	0	4281.4	1.20689
34	0	4281.45	1.21515
-476	0	4281.45	-0.0783654
-641	0	4281.45	-0.0812682
42	1	4281.6	1.26489
898	0	4281.9	1.26653
707	0	4282	1.09305
825	1	4282.35	1.24477
372	1	4282.45	1.26468
137	0	4282.85	1.22587
192	0	4283.25	1.22532
934	0	4283.4	1.16808
70	0	4283.55	1.25905
-796	0	4283.65	-0.0778648
629	1	4283.8	1.24331
700	0	4284.1	1.23852
510	1	4284.3	1.20172
-991	0	4284.4	-0.0770661
484	0	4284.45	1.25521
764	1	4284.85	1.20743
884	0	4285	1.26082
837	0	4285.5	1.26865
-776	0	4286	-0.0808301
85	0	4286.35	1.23448
765	1	4286.85	1.25922
794	0	4287.15	1.19442
18	0	4287.3	1.26247
725	0	4287.65	1.23264
235	0	4287.7	1.19635
658	0	4287.95	1.17626
307	1	4288.15	1.20501
40	0	4288.35	1.20689
417	0	4288.55	1.21505
873	1	4288.65	1.2125
255	1	4288.9	1.21474
365	0	4289.35	1.21669
60	1	4289.7	1.25167
497	1	4290.15	1.21217
-546	0	4290.55	-0.0780091
544	0	4290.8	1.10407
652	0	4290.9	1.20812
292	0	4291.45	1.20993
-211	0	4291.5	-0.0786049
-561	0	4291.55	-0.0819157
600	1	4291.55	1.26782
363	0	4291.95	1.22426
-201	0	4292.45	-0.0794485
309	0	4292.7	1.25335
-621	0	4292.75	-0.0819943
-471	0	4292.8	-0.0811778
127	0	4293.05	1.20728
14	0	4293.1	1.22922
-571	0	4293.35	-0.0822936
582	0	4294.1	1.26795
169	0	4294.15	1.23037
193	1	4294.9	1.11054
-911	0	4295.2	-0.0769188
-231	0	4295.25	-0.0795435
639	0	4295.55	1.25481
998	0	4296.9	1.26305
54	1	4297.65	1.19836
252	0	4297.75	1.23003
858	1	4297.95	1.16709
-516	0	4298.8	-0.0785704
570	0	4298.8	1.26429
987	0	4298.95	1.19462
253	0	4299	1.24584
-666	0	4299	-0.077006
37	0	4299.2	1.21805
345	0	4299.7	1.17831
589	0	4299.9	1.19918
75	0	4299.95	1.23188
-286	0	4300.5	-0.082008
-696	0	4300.6	-0.0845704
-161	0	4300.8	-0.0822454
963	0	4300.85	1.20571
264	0	4300.9	1.24185
162	0	4301.1	1.17336
655	0	4301.3	1.22261
755	0	4301.65	1.24181
173	0	4301.95	1.07757
394	0	4302.15	1.20491
-361	0	4302.2	-0.0767746
163	0	4302.3	1.24636
-441	0	4302.3	-0.0828971
568	1	4303.05	1.20449
578	1	4303.3	1.24029
533	0	4303.8	1.2038
79	0	4303.9	1.10604
-281	0	4304.35	-0.0819125
-371	0	4304.55	-0.0849088
204	0	4304.65	1.17751
422	0	4306.15	1.26975
740	0	4306.45	1.26273
517	0	4306.55	1.24549
134	0	4306.7	1.19055
-291	0	4306.8	-0.0779666
-836	0	4306.8	-0.0830928
379	0	4306.85	1.20281
808	0	4307.65	1.25129
-486	0	4307.75	-0.0836671
335	1	4307.85	1.19674
-61	0	4308.5	-0.0827715
940	0	4308.95	1.19817
523	0	4310.35	1.23274
277	0	4310.45	1.18817
102	0	4311.25	1.20008
602	0	4311.25	1.20523
985	0	4311.35	1.17888
300	0	4311.4	1.2528
538	1	4312.05	1.22668
763	0	4312.45	1.2387
-191	0	4312.7	-0.0796722
463	0	4313.35	1.19371
58	0	4313.55	1.20085
132	0	4314.45	1.1576
719	0	4314.65	1.23192
-591	0	4314.9	-0.0780313
225	0	4314.95	1.2633
515	0	4315.1	1.19704
152	0	4315.25	1.26499
453	1	4315.25	1.25863
473	0	4315.85	1.20436
338	1	4316.3	1.17668
813	0	4317.2	1.19669
214	0	4317.55	1.24734
247	1	4317.65	1.24642
-381	0	4318.15	-0.0816283
-406	0	4318.3	-0.0821574
427	0	4318.5	1.15022
-656	0	4318.7	-0.0789346
187	0	4318.8	1.2424
693	0	4319.25	1.20408
539	0	4319.45	1.1867
827	0	4319.8	1.26997
-206	0	4319.9	-0.0766647
634	0	4320.35	1.21569
448	1	4320.95	1.21391
638	0	4320.95	1.22975
530	0	4321.05	1.17643
954	0	4321.5	1.23315
585	0	4321.7	1.18339
113	0	4321.85	1.21073
703	0	4321.85	1.2408
892	0	4321.9	1.26306
124	0	4321.95	1.22896
550	0	4322.15	1.26971
205	0	4322.85	1.26114
829	0	4323.05	1.19169
109	1	4323.1	1.25494
-806	0	4323.4	-0.0812442
105	0	4323.6	1.2654
818	0	4324.6	1.22902
565	0	4324.75	1.18014
228	0	4325.05	1.23592
28	0	4325.5	1.22306
82	1	4325.95	1.2674
433	1	4326.3	1.24329
257	0	4326.75	1.26595
460	0	4326.75	1.21063
478	0	4326.9	1.22796
974	0	4327.15	1.08918
374	1	4327.6	1.1053
885	0	4327.65	1.26853
234	0	4328	1.21025
324	0	4328.2	1.26767
978	0	4328.75	1.24848
428	0	4328.85	1.10267
624	0	4328.85	1.26465
514	0	4329.05	1.15148
145	1	4329.1	1.26451
349	0	4330	1.20706
512	1	4330	1.18448
-326	0	4330.1	-0.0818293
727	0	4330.15	1.24994
294	0	4330.4	1.15772
450	1	4330.55	1.2444
-91	0	4331.45	-0.0790201
945	0	4331.5	1.22857
687	0	4331.55	1.18087
215	0	4332.25	1.24289
849	0	4332.35	1.22379
-346	0	4332.5	-0.0787887
270	1	4332.6	1.17295
527	0	4332.65	1.25076
947	1	4332.65	1.22421
-601	0	4332.8	-0.0845721
654	0	4332.95	1.26667
729	0	4333.25	1.18863
874	0	4333.3	1.25003
960	0	4333.8	1.2353
108	0	4333.85	1.21789
329	0	4333.85	1.23244
288	0	4334.2	1.23216
128	0	4334.4	1.21097
869	0	4334.5	1.23101
397	1	4335.2	1.23958
508	0	4335.95	1.21369
513	0	4336.25	1.22053
877	0	4336.4	1.18964
934	0	4336.6	1.16808
767	1	4336.65	1.26774
-701	0	4336.7	-0.0801587
962	1	4337.1	1.19026
434	0	4337.7	1.24022
688	1	4337.7	1.20431
-491	0	4337.8	-0.0795285
-856	0	4338	-0.0788911
-846	0	4338.9	-0.0774653
525	0	4338.95	1.24695
27	0	4339.05	1.19396
928	1	4339.5	1.22054
-261	0	4339.65	-0.0842753
397	1	4340	1.23958
458	1	4340.15	1.25475
238	0	4340.4	1.23562
793	1	4341.15	1.22256
733	0	4341.35	1.25903
-11	0	4341.85	-0.0837436
420	0	4341.9	1.25131
614	0	4342	1.24977
218	0	4342.1	1.26396
532	0	4342.15	1.26494
577	0	4342.4	1.22609
213	0	4343.55	1.1755
732	0	4343.55	1.22371
245	1	4343.65	1.20639
494	0	4343.7	1.26792
835	1	4343.9	1.21235
773	0	4344.2	1.1884
-421	0	4344.65	-0.0778557
800	1	4344.8	1.18686
500	0	4345.25	1.19611
702	0	4345.8	1.1648
452	0	4345.85	1.2284
342	0	4346.2	1.22134
330	0	4346.3	1.17379
934	0	4346.8	1.16808
628	1	4347.25	1.25645
-581	0	4347.45	-0.0770556
-916	0	4347.5	-0.0778707
580	0	4347.75	1.21962
315	0	4348.05	1.22978
-671	0	4348.15	-0.0847565
332	0	4348.35	1.18481
974	0	4348.35	1.08918
-156	0	4348.5	-0.0770979
227	0	4348.6	1.18663
-896	0	4348.6	-0.0842685
-26	0	4348.85	-0.0844811
100	0	4349.05	1.21728
839	1	4349.2	1.22793
-271	0	4349.7	-0.0847218
-726	0	4349.75	-0.0791974
489	1	4350	1.08359
398	0	4350.4	1.23048
-81	0	4350.95	-0.0780129
977	1	4351.55	1.23501
-951	0	4351.75	-0.0798868
-266	0	4351.95	-0.080626
325	0	4352.3	1.22655
504	1	4352.3	1.22447
485	0	4352.7	1.21639
-526	0	4353.25	-0.0767728
114	1	4354.15	1.21025
684	0	4354.15	1.2488
130	0	4354.25	1.24071
143	0	4354.35	1.18344
-956	0	4354.35	-0.0822439
990	0	4354.7	1.19482
293	0	4354.95	1.24633
768	1	4354.95	1.24089
-941	0	4355.1	-0.0822371
-196	0	4355.2	-0.0825389
-141	0	4355.6	-0.0804131
955	0	4355.7	1.20537
347	0	4356.15	1.26887
-541	0	4356.3	-0.0790146
-736	0	4356.3	-0.0812128
782	1	4356.45	1.24862
967	1	4356.7	1.26503
425	1	4357.35	1.21039
775	0	4357.35	1.23445
558	1	4357.4	1.20241
184	0	4357.7	1.20417
442	0	4358.25	1.20916
950	0	4358.45	1.20461
-831	0	4358.65	-0.078657
313	0	4358.7	1.22194
340	0	4358.95	1.24469
-891	0	4359.25	-0.0769421
-446	0	4359.65	-0.0820781
774	0	4359.95	1.20981
-6	0	4360.25	-0.0800403
104	0	4360.35	1.1964
129	0	4360.7	1.17142
795	0	4361	1.21784
575	1	4361.55	1.20356
517	0	4361.75	1.24549
-36	0	4362.65	-0.0805742
334	0	4362.8	1.23747
894	1	4363	1.26972
-876	0	4363.4	-0.0782037
865	0	4363.65	1.19473
275	0	4363.95	1.23928
882	0	4363.95	1.25308
47	0	4364.8	1.23764
783	0	4364.9	1.2287
994	1	4365.25	1.24972
-141	0	4365.55	-0.0804131
808	0	4365.55	1.25129
888	0	4365.7	1.2628
-761	0	4366.15	-0.0774219
485	0	4366.3	1.21639
362	0	4367.2	1.19147
360	0	4367.6	1.19837
168	0	4367.7	1.11293
670	1	4368.05	1.24587
-461	0	4368.35	-0.0803266
380	0	4368.75	1.18159
879	1	4368.85	1.25272
-766	0	4368.9	-0.077059
-331	0	4369.2	-0.0806112
373	0	4369.2	1.18849
539	0	4369.7	1.1867
-981	0	4370	-0.0795261
159	0	4370.1	1.21256
-51	0	4370.25	-0.0784864
683	0	4370.4	1.21506
637	1	4370.8	1.25843
367	0	4370.9	1.2467
209	0	4371.1	1.26827
777	0	4371.25	1.2392
133	0	4371.3	1.10646
973	0	4371.3	1.22499
-121	0	4371.55	-0.0847054
909	0	4371.55	1.19833
-531	0	4372.05	-0.0811807
964	0	4372.15	1.21073
73	0	4372.3	1.24528
587	0	4372.5	1.18077
348	1	4372.6	1.18447
-451	0	4372.8	-0.0802119
673	0	4373.15	1.23949
594	0	4373.6	1.23579
-986	0	4373.65	-0.0786666
-426	0	4373.75	-0.0789412
-146	0	4374.75	-0.0811519
-306	0	4374.8	-0.0848825
438	0	4375.05	1.20149
-386	0	4376	-0.0837885
648	0	4376.3	1.24747
-151	0	4376.45	-0.0791056
282	0	4377	1.21704
120	0	4377.05	1.26629
-506	0	4377.05	-0.0803501
68	1	4377.35	1.15296
862	0	4377.4	1.24874
459	0	4377.6	1.2383
413	1	4377.7	1.23037
-576	0	4378.35	-0.0783296
-716	0	4378.55	-0.0768287
80	1	4378.75	1.20125
519	0	4379.35	1.22427
763	0	4380.3	1.2387
59	0	4380.4	1.20446
370	0	4380.4	1.22686
-401	0	4380.4	-0.0783108
-676	0	4380.4	-0.0801208
364	0	4380.55	1.21453
147	1	4381.5	1.2012
145	1	4381.55	1.26451
405	0	4381.55	1.25755
-646	0	4382.3	-0.0767582
-776	0	4382.7	-0.0808301
-216	0	4382.8	-0.0845487
88	0	4383.5	1.25639
927	0	4384	1.24797
-946	0	4384.3	-0.0829037
604	1	4384.35	1.23208
393	1	4384.95	1.19636
599	0	4385.1	1.21055
139	0	4385.25	1.17632
-126	0	4385.55	-0.0776982
23	0	4385.65	1.23178
798	0	4386.2	1.25406
-106	0	4386.25	-0.0820686
150	0	4386.3	1.23042
723	0	4386.3	1.24199
802	0	4386.5	1.26806
-871	0	4386.5	-0.0794662
-256	0	4386.55	-0.0789299
-786	0	4386.65	-0.078537
-111	0	4386.7	-0.0848851
703	0	4386.9	1.2408
477	0	4387.05	1.22967
1000	0	4387.5	1.21131
657	0	4387.9	1.23454
-771	0	4388.35	-0.0846789
-816	0	4388.9	-0.0819246
710	1	4389.05	1.21148
949	0	4389.2	1.22536
765	1	4389.85	1.25922
968	0	4390.1	1.26987
-456	0	4390.3	-0.082725
-936	0	4390.7	-0.0783792
364	0	4390.85	1.21453
809	0	4391.25	1.22851
-76	0	4391.35	-0.0836006
-611	0	4391.75	-0.0790059
642	0	4392.35	1.23205
543	0	4392.4	1.25671
739	0	4392.9	1.22653
799	0	4392.9	1.22741
635	0	4393.1	1.24057
999	0	4393.4	1.25408
-551	0	4393.5	-0.0781117
662	1	4394	1.25554
619	0	4394.1	1.25208
838	0	4394.25	1.23468
887	0	4394.25	1.25285
537	0	4394.4	1.15922
522	1	4394.75	1.26433
244	0	4394.9	1.2495
742	1	4394.95	1.22988
778	0	4395.2	1.21791
488	0	4395.4	1.22188
48	0	4395.8	1.24165
-376	0	4395.8	-0.0843473
365	0	4396.25	1.21669
929	1	4396.35	1.21721
195	1	4396.75	1.2262
375	0	4396.8	1.25755
-501	0	4396.8	-0.0768772
-681	0	4396.8	-0.0804097
-436	0	4397	-0.0821152
744	0	4397.45	1.2414
274	0	4397.55	1.23993
890	0	4397.65	1.2647
-1	0	4398.5	-0.0818602
505	0	4398.95	1.20852
-131	0	4399.25	-0.0816311
899	0	4399.45	1.20019
828	0	4400.05	1.25412
979	0	4400.15	1.2572
-351	0	4400.35	-0.0769191
307	1	4400.4	1.20501
770	0	4400.45	1.24639
-941	0	4400.55	-0.0822371
615	0	4400.6	1.25097
378	0	4401.7	1.19241
685	1	4402.5	1.266
72	0	4402.6	1.23566
-21	0	4402.9	-0.0827179
90	0	4402.9	1.26776
677	0	4403.7	1.25021
164	0	4404.2	1.26525
718	1	4404.45	1.15723
790	1	4404.5	1.26386
278	0	4404.55	1.22987
302	1	4404.6	1.1991
-356	0	4405.1	-0.0821998
-56	0	4405.75	-0.077126
343	0	4405.9	1.20081
113	0	4406.15	1.21073
69	0	4406.8	1.25444
363	0	4407.05	1.22426
218	0	4407.45	1.26396
-366	0	4407.45	-0.0834768
-141	0	4407.55	-0.0804131
269	0	4408.1	1.19692
-121	0	4408.2	-0.0847054
237	0	4408.7	1.13538
-706	0	4408.9	-0.0811305
-186	0	4409.05	-0.0844151
-416	0	4409.2	-0.0825104
-396	0	4409.35	-0.0768374
-566	0	4409.35	-0.0807516
692	0	4409.45	1.23728
794	0	4409.45	1.19442
248	0	4409.6	1.25418
412	0	4409.95	1.24248
402	1	4410.05	1.1947
53	0	4410.45	1.23912
-391	0	4410.5	-0.0805533
898	0	4410.9	1.26653
267	1	4410.95	1.19091
699	1	4411	1.1114
558	1	4411.15	1.20241
972	0	4411.45	1.25512
42	1	4411.7	1.26489
217	0	4411.8	1.19475
453	1	4411.85	1.25863
553	0	4411.85	1.24182
372	1	4411.95	1.26468
399	0	4412	1.15063
469	1	4412.65	1.26359
559	0	4413.1	1.23973
182	0	4413.3	1.21479
709	0	4413.55	1.2436
484	0	4413.7	1.25521
465	1	4414.25	1.142
-151	0	4415	-0.0791056
837	0	4415.4	1.26865
825	1	4415.7	1.24477
750	0	4416.1	1.18901
70	0	4416.15	1.25905
-171	0	4416.6	-0.0806644
18	0	4416.85	1.26247
34	0	4416.85	1.21515
884	0	4416.85	1.26082
-781	0	4417.1	-0.0767207
-116	0	4417.4	-0.0786796
629	1	4417.45	1.24331
587	0	4417.65	1.18077
823	0	4417.8	1.19648
-851	0	4417.8	-0.0801218
192	0	4418	1.22532
760	0	4418.05	1.20162
600	1	4418.7	1.26782
700	0	4418.8	1.23852
202	0	4419.05	1.21987
60	1	4419.1	1.25167
-96	0	4419.25	-0.0788536
317	0	4419.25	1.20863
20	1	4419.45	1.09815
-46	0	4419.45	-0.079866
954	0	4419.45	1.23315
137	0	4419.7	1.22587
-756	0	4420.05	-0.0831476
168	0	4420.4	1.11293
-711	0	4421.25	-0.0846803
893	0	4421.4	1.20689
309	0	4421.5	1.25335
582	0	4421.5	1.26795
725	0	4422.15	1.23264
-826	0	4422.35	-0.0797886
-511	0	4422.55	-0.079882
85	0	4422.65	1.23448
510	1	4423.7	1.20172
314	0	4423.8	1.17849
610	0	4423.8	1.1092
972	0	4424.35	1.25512
639	0	4424.45	1.25481
497	1	4424.7	1.21217
-71	0	4424.8	-0.0829944
752	0	4425.6	1.18475
417	0	4425.7	1.21505
764	1	4425.7	1.20743
998	0	4426.7	1.26305
169	0	4426.85	1.23037
873	1	4426.9	1.2125
448	1	4427.1	1.21391
-536	0	4427.4	-0.0838725
14	0	4427.55	1.22922
-721	0	4427.65	-0.0828325
-976	0	4427.75	-0.0816875
-251	0	4428.05	-0.0845732
570	0	4428.1	1.26429
292	0	4428.85	1.20993
-321	0	4429.15	-0.0793801
975	1	4429.35	1.21425
-966	0	4429.6	-0.0772582
-811	0	4430.35	-0.0806842
253	0	4430.75	1.24584
255	1	4430.8	1.21474
755	0	4431.4	1.24181
163	0	4431.95	1.24636
652	0	4431.95	1.20812
127	0	4432	1.20728
-246	0	4432.3	-0.0782399
-546	0	4432.4	-0.0780091
252	0	4432.45	1.23003
424	1	4432.8	1.10727
264	0	4433	1.24185
-801	0	4433.05	-0.0790191
-236	0	4433.1	-0.0830592
-316	0	4433.1	-0.0787772
-221	0	4433.15	-0.0809521
8	0	4433.4	1.16878
-86	0	4433.85	-0.0790285
422	0	4434.45	1.26975
75	0	4434.5	1.23188
-651	0	4434.6	-0.0769029
740	0	4434.7	1.26273
-996	0	4435	-0.080788
235	0	4435.15	1.19635
680	0	4435.3	1.15812
132	0	4435.5	1.1576
655	0	4435.8	1.22261
-466	0	4437.1	-0.0818656
578	1	4437.15	1.24029
427	0	4437.3	1.15022
583	0	4437.8	1.18036
123	0	4438.15	1.09577
-276	0	4438.4	-0.0819871
-66	0	4438.65	-0.081952
-686	0	4438.7	-0.0790633
-666	0	4438.95	-0.077006
-751	0	4439.1	-0.0836268
987	0	4439.15	1.19462
37	0	4439.5	1.21805
349	0	4440	1.20706
410	0	4440.85	1.11339
568	1	4440.9	1.20449
-676	0	4441.25	-0.0801208
-166	0	4441.55	-0.0801145
394	0	4442.3	1.20491
300	0	4442.85	1.2528
270	1	4443.3	1.17295
538	1	4444.3	1.22668
54	1	4444.5	1.19836
523	0	4444.55	1.23274
-481	0	4444.6	-0.0843727
533	0	4444.7	1.2038
-791	0	4445	-0.080426
858	1	4445	1.16709
-586	0	4445.55	-0.0781322
335	1	4445.7	1.19674
225	0	4445.85	1.2633
-411	0	4446.15	-0.0810423
-701	0	4446.2	-0.0801587
589	0	4446.45	1.19918
963	0	4447.25	1.20571
892	0	4447.4	1.26306
-181	0	4447.55	-0.0802557
152	0	4447.7	1.26499
827	0	4448.15	1.26997
458	1	4448.5	1.25475
214	0	4448.6	1.24734
345	0	4448.8	1.17831
393	1	4448.8	1.19636
247	1	4448.85	1.24642
719	0	4449.3	1.23192
550	0	4449.75	1.26971
-616	0	4450.65	-0.0805826
-296	0	4451.25	-0.0804583
134	0	4451.55	1.19055
387	0	4452	1.18169
-851	0	4452.2	-0.0801218
105	0	4452.85	1.2654
58	0	4453.1	1.20085
-341	0	4453.1	-0.0774244
568	1	4453.15	1.20449
940	0	4453.25	1.19817
187	0	4453.35	1.2424
-136	0	4453.65	-0.0810651
205	0	4453.8	1.26114
277	0	4453.8	1.18817
124	0	4453.95	1.22896
109	1	4454.3	1.25494
638	0	4454.5	1.22975
257	0	4454.85	1.26595
324	0	4455.2	1.26767
82	1	4455.4	1.2674
813	0	4456.05	1.19669
515	0	4456.45	1.19704
602	0	4456.9	1.20523
885	0	4457.05	1.26853
-16	0	4458.1	-0.0808333
624	0	4458.1	1.26465
634	0	4458.1	1.21569
433	1	4458.25	1.24329
978	0	4458.8	1.24848
693	0	4458.95	1.20408
985	0	4458.95	1.17888
-881	0	4459	-0.0823628
228	0	4459.75	1.23592
102	0	4459.8	1.20008
739	0	4460.75	1.22653
473	0	4460.95	1.20436
654	0	4461.4	1.26667
727	0	4461.45	1.24994
463	0	4462.1	1.19371
527	0	4462.3	1.25076
-666	0	4462.45	-0.077006
450	1	4462.7	1.2444
215	0	4463.1	1.24289
-861	0	4463.15	-0.0827602
-626	0	4463.55	-0.0786401
818	0	4463.55	1.22902
-961	0	4463.75	-0.0781891
874	0	4463.8	1.25003
28	0	4464	1.22306
423	0	4464.05	1.15396
767	1	4464.35	1.26774
-931	0	4464.45	-0.0816406
-241	0	4464.6	-0.0846571
460	0	4464.8	1.21063
945	0	4465	1.22857
379	0	4465.2	1.20281
947	1	4465.2	1.22421
435	0	4465.25	1.114
278	0	4465.45	1.22987
-606	0	4465.6	-0.0795636
288	0	4465.95	1.23216
329	0	4466.35	1.23244
-471	0	4466.45	-0.0811778
644	0	4466.6	1.08774
478	0	4466.65	1.22796
775	0	4466.95	1.23445
325	0	4467.1	1.22655
960	0	4467.9	1.2353
525	0	4468.05	1.24695
-561	0	4468.1	-0.0819157
-556	0	4468.35	-0.0770068
567	0	4468.35	1.08787
733	0	4468.4	1.25903
829	0	4468.5	1.19169
849	0	4468.55	1.22379
532	0	4468.9	1.26494
673	0	4469.45	1.23949
434	0	4469.5	1.24022
869	0	4469.5	1.23101
234	0	4469.65	1.21025
338	1	4469.7	1.17668
508	0	4470.3	1.21369
170	0	4470.6	1.18664
420	0	4470.7	1.25131
978	0	4470.95	1.24848
494	0	4471.05	1.26792
108	0	4471.35	1.21789
585	0	4471.65	1.18339
513	0	4472.15	1.22053
994	1	4472.4	1.24972
928	1	4472.8	1.22054
-636	0	4473.3	-0.0831306
793	1	4473.75	1.22256
238	0	4474.1	1.23562
614	0	4474.3	1.24977
177	1	4474.4	1.13905
803	1	4474.5	1.16676
687	0	4474.55	1.18087
517	0	4474.85	1.24549
512	1	4474.9	1.18448
628	1	4475.2	1.25645
194	0	4475.25	1.1698
877	0	4475.5	1.18964
808	0	4475.6	1.25129
688	1	4475.8	1.20431
359	0	4476.5	1.14841
-661	0	4476.5	-0.0791207
530	0	4476.6	1.17643
577	0	4476.75	1.22609
962	1	4477.05	1.19026
348	1	4477.1	1.18447
732	0	4477.25	1.22371
-676	0	4477.75	-0.0801208
27	0	4478.25	1.19396
835	1	4478.95	1.21235
580	0	4479.2	1.21962
-926	0	4479.25	-0.0843247
452	0	4479.5	1.2284
245	1	4479.7	1.20639
315	0	4480.05	1.22978
839	1	4481	1.22793
729	0	4481.1	1.18863
-301	0	4481.25	-0.0813886
800	1	4481.7	1.18686
100	0	4482.55	1.21728
500	0	4482.9	1.19611
293	0	4483.15	1.24633
342	0	4483.45	1.22134
967	1	4483.5	1.26503
398	0	4483.6	1.23048
977	1	4483.7	1.23501
684	0	4483.85	1.2488
347	0	4484.6	1.26887
782	1	4484.65	1.24862
130	0	4484.75	1.24071
504	1	4485.25	1.22447
-921	0	4485.25	-0.0844251
397	1	4485.65	1.23958
627	0	4485.65	1.11814
763	0	4486.05	1.2387
768	1	4486.3	1.24089
773	0	4488.3	1.1884
114	1	4488.6	1.21025
139	0	4488.75	1.17632
380	0	4488.95	1.18159
934	0	4489	1.16808
227	0	4489.75	1.18663
340	0	4489.75	1.24469
955	0	4490.15	1.20537
332	0	4490.5	1.18481
145	1	4490.55	1.26451
959	0	4490.85	1.11716
-406	0	4491.2	-0.0821574
554	1	4491.35	1.10166
133	0	4491.4	1.10646
213	0	4491.5	1.1755
703	0	4492.35	1.2408
313	0	4492.55	1.22194
-741	0	4492.6	-0.0816392
894	1	4492.65	1.26972
442	0	4493.85	1.20916
334	0	4494.1	1.23747
888	0	4494.1	1.2628
-691	0	4494.4	-0.0836728
425	1	4494.85	1.21039
-571	0	4494.85	-0.0822936
-901	0	4494.9	-0.0789212
702	0	4495	1.1648
208	1	4495.3	1.09956
-596	0	4495.45	-0.0849925
275	0	4495.55	1.23928
-291	0	4495.6	-0.0779666
184	0	4495.9	1.20417
753	1	4495.95	1.17624
882	0	4496.05	1.25308
795	0	4496.15	1.21784
143	0	4496.4	1.18344
-176	0	4496.65	-0.0827467
950	0	4497	1.20461
-641	0	4497.15	-0.0812682
990	0	4497.15	1.19482
539	0	4497.2	1.1867
47	0	4497.45	1.23764
-631	0	4497.6	-0.081292
104	0	4497.7	1.1964
330	0	4498.05	1.17379
-521	0	4498.1	-0.0785232
774	0	4498.4	1.20981
-191	0	4498.6	-0.0796722
879	1	4498.9	1.25272
575	1	4499.1	1.20356
783	0	4499.3	1.2287
637	1	4499.4	1.25843
670	1	4499.6	1.24587
209	0	4500.25	1.26827
-41	0	4500.55	-0.0845964
862	0	4500.6	1.24874
274	0	4500.9	1.23993
-516	0	4501.15	-0.0785704
-856	0	4501.8	-0.0788911
779	0	4502.65	1.09205
510	1	4502.95	1.20172
777	0	4504.25	1.2392
367	0	4504.55	1.2467
572	0	4505.3	1.1823
129	0	4505.45	1.17142
73	0	4505.7	1.24528
120	0	4505.9	1.26629
973	0	4505.9	1.22499
50	0	4506.05	1.09104
-311	0	4506.1	-0.0795281
865	0	4506.2	1.19473
505	0	4506.75	1.20852
594	0	4507	1.23579
548	0	4507.35	1.20269
648	0	4507.35	1.24747
159	0	4507.8	1.21256
-441	0	4508.35	-0.0828971
445	0	4508.4	1.10064
113	0	4508.45	1.21073
-796	0	4508.7	-0.0778648
734	0	4509.6	1.19944
97	1	4509.95	1.19797
459	0	4509.95	1.2383
373	0	4510.1	1.18849
964	0	4510.4	1.21073
485	0	4510.45	1.21639
405	0	4510.7	1.25755
218	0	4511	1.26396
-746	0	4511.05	-0.0826763
-911	0	4511.15	-0.0769188
-841	0	4512.05	-0.0836364
-201	0	4512.15	-0.0794485
413	1	4512.25	1.23037
683	0	4512.3	1.21506
360	0	4512.45	1.19837
698	0	4512.6	1.09416
712	0	4512.8	1.22606
-616	0	4514	-0.0805826
-286	0	4514.75	-0.082008
88	0	4514.8	1.25639
802	0	4515.1	1.26806
438	0	4515.15	1.20149
-491	0	4515.55	-0.0795285
519	0	4515.7	1.22427
-216	0	4515.95	-0.0845487
697	0	4516.6	1.21326
537	0	4516.9	1.15922
767	1	4517.05	1.26774
220	1	4517.5	1.17881
-211	0	4518.2	-0.0786049
798	0	4518.5	1.25406
574	1	4518.85	1.09764
889	1	4519.25	1.23677
968	0	4519.25	1.26987
362	0	4519.55	1.19147
-101	0	4519.75	-0.0847597
-656	0	4519.9	-0.0789346
909	0	4520.2	1.19833
80	1	4520.5	1.20125
150	0	4520.5	1.23042
370	0	4520.6	1.22686
282	0	4520.65	1.21704
657	0	4520.9	1.23454
723	0	4520.9	1.24199
23	0	4521.05	1.23178
604	1	4521.35	1.23208
543	0	4521.85	1.25671
40	0	4522.1	1.20689
-991	0	4522.4	-0.0770661
545	1	4522.8	1.13254
718	1	4523.45	1.15723
765	1	4523.5	1.25922
927	0	4523.5	1.24797
477	0	4524.9	1.22967
385	0	4525.05	1.14067
999	0	4525.1	1.25408
522	1	4526.2	1.26433
-476	0	4526.25	-0.0783654
662	1	4526.25	1.25554
400	1	4526.9	1.13986
599	0	4527.15	1.21055
619	0	4527.3	1.25208
244	0	4527.35	1.2495
887	0	4527.85	1.25285
375	0	4527.95	1.25755
320	0	4528.3	1.16263
949	0	4528.4	1.22536
164	0	4528.45	1.26525
-421	0	4528.85	-0.0778557
809	0	4528.85	1.22851
635	0	4528.9	1.24057
890	0	4529.05	1.2647
642	0	4529.2	1.23205
799	0	4529.2	1.22741
838	0	4529.25	1.23468
742	1	4529.4	1.22988
558	1	4529.7	1.20241
-836	0	4529.7	-0.0830928
59	0	4530	1.20446
90	0	4530.3	1.26776
828	0	4530.35	1.25412
1000	0	4530.35	1.21131
242	0	4530.6	1.11069
615	0	4530.85	1.25097
979	0	4531.05	1.2572
48	0	4531.2	1.24165
-206	0	4531.35	-0.0766647
-696	0	4531.6	-0.0845704
739	0	4532.05	1.22653
744	0	4532.05	1.2414
-761	0	4532.05	-0.0774219
147	1	4532.15	1.2012
-876	0	4532.2	-0.0782037
685	1	4532.7	1.266
12	0	4533.1	1.20674
770	0	4533.2	1.24639
710	1	4533.3	1.21148
195	1	4533.35	1.2262
778	0	4533.45	1.21791
677	0	4534.7	1.25021
-426	0	4535.05	-0.0789412
929	1	4535.5	1.21721
-891	0	4536.4	-0.0769421
-631	0	4537.8	-0.081292
-386	0	4537.9	-0.0837885
312	0	4538.4	1.19433
790	1	4538.5	1.26386
42	1	4538.65	1.26489
69	0	4538.8	1.25444
-971	0	4538.9	-0.0827419
-281	0	4539.2	-0.0819125
349	0	4539.25	1.20706
-591	0	4539.8	-0.0780313
248	0	4539.85	1.25418
507	1	4539.9	1.17024
364	0	4540.2	1.21453
-496	0	4540.3	-0.0797042
668	0	4540.9	1.18335
-826	0	4540.95	-0.0797886
898	0	4541.15	1.26653
64	0	4541.2	1.14006
363	0	4541.2	1.22426
412	0	4541.3	1.24248
484	0	4541.45	1.25521
-336	0	4541.55	-0.0806825
72	0	4541.8	1.23566
307	1	4541.8	1.20501
-581	0	4541.9	-0.0770556
372	1	4542.05	1.26468
-446	0	4542.15	-0.0820781
-196	0	4542.2	-0.0825389
899	0	4542.2	1.20019
453	1	4542.6	1.25863
-271	0	4542.85	-0.0847218
-866	0	4543.35	-0.0780137
692	0	4543.55	1.23728
-401	0	4543.95	-0.0783108
-936	0	4544.05	-0.0783792
837	0	4544.3	1.26865
53	0	4544.45	1.23912
469	1	4544.55	1.26359
-796	0	4544.95	-0.0778648
-551	0	4545.45	-0.0781117
-21	0	4545.5	-0.0827179
130	0	4545.85	1.24071
884	0	4546.15	1.26082
18	0	4546.3	1.26247
600	1	4546.6	1.26782
365	0	4546.7	1.21669
709	0	4546.85	1.2436
-956	0	4546.85	-0.0822439
70	0	4546.9	1.25905
378	0	4546.9	1.19241
95	0	4547.05	1.07342
-81	0	4547.1	-0.0780129
-981	0	4547.5	-0.0795261
-771	0	4547.9	-0.0846789
-731	0	4548.1	-0.0817535
553	0	4548.4	1.24182
559	0	4548.4	1.23973
532	0	4548.55	1.26494
60	1	4549.1	1.25167
825	1	4549.3	1.24477
-361	0	4549.35	-0.0767746
-501	0	4549.6	-0.0768772
343	0	4549.9	1.20081
582	0	4549.95	1.26795
-886	0	4550.05	-0.0843674
-231	0	4550.45	-0.0795435
-261	0	4550.8	-0.0842753
-831	0	4550.95	-0.078657
-951	0	4551.55	-0.0798868
302	1	4551.7	1.1991
-506	0	4551.8	-0.0803501
-871	0	4551.8	-0.0794662
818	0	4551.95	1.22902
629	1	4552.05	1.24331
218	0	4552.1	1.26396
-31	0	4552.65	-0.0846994
309	0	4553	1.25335
-621	0	4553.35	-0.0819943
192	0	4553.65	1.22532
402	1	4554	1.1947
559	0	4554	1.23973
954	0	4554.35	1.23315
182	0	4554.5	1.21479
-371	0	4554.5	-0.0849088
-541	0	4554.65	-0.0790146
137	0	4554.7	1.22587
247	1	4554.85	1.24642
-436	0	4555	-0.0821152
700	0	4555.3	1.23852
998	0	4555.75	1.26305
488	0	4555.85	1.22188
975	1	4555.95	1.21425
-681	0	4556	-0.0804097
878	0	4556.1	1.18885
-531	0	4556.15	-0.0811807
34	0	4556.55	1.21515
794	0	4556.95	1.19442
639	0	4557.05	1.25481
177	1	4557.25	1.13905
317	0	4557.6	1.20863
269	0	4558.05	1.19692
202	0	4558.15	1.21987
-451	0	4558.2	-0.0802119
-91	0	4558.5	-0.0790201
-111	0	4558.5	-0.0848851
-156	0	4558.65	-0.0770979
-346	0	4559.2	-0.0787887
-51	0	4559.45	-0.0784864
570	0	4559.5	1.26429
-126	0	4559.6	-0.0776982
-381	0	4560	-0.0816283
-906	0	4560.5	-0.0834593
725	0	4561.2	1.23264
217	0	4561.3	1.19475
85	0	4561.45	1.23448
-766	0	4561.55	-0.077059
892	0	4561.6	1.26306
-546	0	4561.8	-0.0780091
14	0	4564.15	1.22922
740	0	4564.2	1.26273
163	0	4564.95	1.24636
422	0	4566.5	1.26975
592	0	4566.75	1.14114
253	0	4567	1.24584
383	0	4567.5	1.0936
497	1	4567.85	1.21217
-1	0	4568.15	-0.0818602
195	1	4568.55	1.2262
14	0	4568.75	1.22922
169	0	4568.9	1.23037
417	0	4569.05	1.21505
-76	0	4569.45	-0.0836006
787	0	4570.1	1.19223
-601	0	4570.15	-0.0845721
-726	0	4570.15	-0.0791974
-256	0	4570.6	-0.0789299
325	0	4570.9	1.22655
-326	0	4571.15	-0.0818293
760	0	4571.75	1.20162
264	0	4571.8	1.24185
655	0	4572.65	1.22261
755	0	4573.65	1.24181
75	0	4574	1.23188
-986	0	4574	-0.0786666
873	1	4574.3	1.2125
292	0	4574.55	1.20993
652	0	4574.8	1.20812
578	1	4575.15	1.24029
972	0	4576.1	1.25512
893	0	4576.8	1.20689
-11	0	4576.9	-0.0837436
-916	0	4577.25	-0.0778707
-846	0	4578.05	-0.0774653
300	0	4578.3	1.2528
-646	0	4579.1	-0.0767582
550	0	4579.5	1.26971
827	0	4579.75	1.26997
152	0	4579.9	1.26499
278	0	4579.95	1.22987
225	0	4580.35	1.2633
502	1	4580.5	1.10274
523	0	4580.5	1.23274
235	0	4581.5	1.19635
214	0	4581.55	1.24734
538	1	4582.15	1.22668
-461	0	4582.3	-0.0803266
-61	0	4582.4	-0.0827715
-56	0	4583.05	-0.077126
378	0	4583.15	1.19241
-6	0	4583.35	-0.0800403
82	1	4583.7	1.2674
458	1	4583.8	1.25475
205	0	4584.25	1.26114
37	0	4584.5	1.21805
987	0	4584.5	1.19462
324	0	4585.25	1.26767
-356	0	4585.55	-0.0821998
257	0	4586.65	1.26595
109	1	4586.75	1.25494
864	0	4586.9	1.08898
105	0	4587.05	1.2654
719	0	4587.4	1.23192
885	0	4587.5	1.26853
537	0	4588.05	1.15922
589	0	4588.7	1.19918
124	0	4588.8	1.22896
624	0	4589.2	1.26465
54	1	4589.4	1.19836
475	0	4589.75	1.07916
335	1	4590.45	1.19674
638	0	4591.15	1.22975
433	1	4591.25	1.24329
963	0	4591.3	1.20571
654	0	4591.35	1.26667
187	0	4591.55	1.2424
288	0	4591.9	1.23216
160	0	4592.05	1.08103
-896	0	4592.1	-0.0842685
-226	0	4592.4	-0.0825775
555	1	4592.7	1.16546
727	0	4592.7	1.24994
858	1	4592.95	1.16709
973	0	4593	1.22499
-376	0	4593.05	-0.0843473
134	0	4593.15	1.19055
634	0	4593.55	1.21569
533	0	4593.7	1.2038
527	0	4594	1.25076
-511	0	4594.1	-0.079882
940	0	4594.45	1.19817
450	1	4594.55	1.2444
215	0	4594.65	1.24289
-811	0	4595.05	-0.0806842
874	0	4595.05	1.25003
58	0	4595.25	1.20085
-456	0	4595.35	-0.082725
394	0	4595.75	1.20491
582	0	4596.1	1.26795
270	1	4596.55	1.17295
733	0	4596.75	1.25903
420	0	4596.8	1.25131
345	0	4596.9	1.17831
693	0	4596.9	1.20408
947	1	4597.15	1.22421
-396	0	4597.2	-0.0768374
813	0	4597.4	1.19669
525	0	4598.05	1.24695
-36	0	4598.15	-0.0805742
228	0	4598.2	1.23592
928	1	4598.25	1.22054
-736	0	4598.3	-0.0812128
-46	0	4598.35	-0.079866
-976	0	4598.6	-0.0816875
494	0	4598.75	1.26792
329	0	4599	1.23244
602	0	4599.5	1.20523
945	0	4599.75	1.22857
568	1	4600.35	1.20449
728	1	4600.35	1.11326
515	0	4600.5	1.19704
349	0	4600.55	1.20706
28	0	4600.6	1.22306
864	0	4600.75	1.08898
869	0	4601.15	1.23101
673	0	4601.2	1.23949
-116	0	4601.35	-0.0786796
527	0	4601.65	1.25076
434	0	4601.95	1.24022
-576	0	4602.1	-0.0783296
960	0	4602.15	1.2353
478	0	4602.2	1.22796
427	0	4602.25	1.15022
460	0	4602.55	1.21063
994	1	4602.65	1.24972
473	0	4602.95	1.20436
-131	0	4603.4	-0.0816311
-316	0	4603.6	-0.0787772
808	0	4603.65	1.25129
-801	0	4603.7	-0.0790191
203	1	4603.75	1.16383
520	0	4603.8	1.15758
508	0	4603.85	1.21369
628	1	4604.1	1.25645
-391	0	4604.5	-0.0805533
985	0	4604.8	1.17888
849	0	4604.95	1.22379
857	0	4605.15	1.17866
517	0	4605.9	1.24549
793	1	4606.5	1.22256
614	0	4606.65	1.24977
230	0	4606.95	1.07677
379	0	4607.35	1.20281
108	0	4607.85	1.21789
513	0	4608.35	1.22053
933	0	4608.65	1.18865
829	0	4608.9	1.19169
-246	0	4609	-0.0782399
238	0	4609.2	1.23562
-86	0	4609.35	-0.0790285
967	1	4609.5	1.26503
510	1	4609.6	1.20172
577	0	4609.8	1.22609
128	0	4609.85	1.21097
-781	0	4610.05	-0.0767207
347	0	4610.1	1.26887
732	0	4610.65	1.22371
978	0	4610.8	1.24848
839	1	4611.2	1.22793
580	0	4611.65	1.21962
-146	0	4611.75	-0.0811519
293	0	4611.8	1.24633
-351	0	4611.9	-0.0769191
450	1	4611.95	1.2444
452	0	4612.05	1.2284
352	0	4612.3	1.09746
684	0	4612.55	1.2488
234	0	4612.6	1.21025
572	0	4613	1.1823
688	1	4613.15	1.20431
862	0	4613.7	1.24874
-161	0	4613.8	-0.0822454
-526	0	4614.05	-0.0767728
315	0	4614.3	1.22978
-21	0	4614.6	-0.0827179
245	1	4614.85	1.20639
782	1	4615.2	1.24862
397	1	4615.25	1.23958
763	0	4615.5	1.2387
102	0	4615.8	1.20008
877	0	4616.25	1.18964
977	1	4616.45	1.23501
145	1	4616.55	1.26451
-751	0	4616.6	-0.0836268
962	1	4616.65	1.19026
398	0	4616.75	1.23048
835	1	4616.75	1.21235
100	0	4617.05	1.21728
585	0	4617.05	1.18339
-586	0	4617.15	-0.0781322
338	1	4617.3	1.17668
687	0	4618.35	1.18087
463	0	4618.5	1.19371
92	0	4618.6	1.15648
894	1	4618.75	1.26972
27	0	4618.85	1.19396
768	1	4618.85	1.24089
-966	0	4619	-0.0772582
342	0	4619.15	1.22134
888	0	4619.9	1.2628
165	1	4620.35	1.19245
-476	0	4620.5	-0.0783654
512	1	4620.7	1.18448
753	1	4620.95	1.17624
504	1	4621.05	1.22447
800	1	4621.15	1.18686
-561	0	4621.4	-0.0819157
340	0	4621.45	1.24469
703	0	4622.75	1.2408
530	0	4622.85	1.17643
729	0	4623.05	1.18863
114	1	4623.65	1.21025
-871	0	4624.3	-0.0794662
348	1	4624.75	1.18447
500	0	4624.95	1.19611
65	1	4625.2	1.13707
275	0	4625.55	1.23928
955	0	4625.65	1.20537
882	0	4625.75	1.25308
313	0	4626.2	1.22194
-786	0	4626.2	-0.078537
-321	0	4626.4	-0.0793801
334	0	4626.45	1.23747
879	1	4626.8	1.25272
-416	0	4627.2	-0.0825104
767	1	4627.7	1.26774
47	0	4627.85	1.23764
209	0	4628	1.26827
-706	0	4628.15	-0.0811305
637	1	4628.25	1.25843
795	0	4629.4	1.21784
670	1	4629.5	1.24587
739	0	4629.7	1.22653
425	1	4629.8	1.21039
-566	0	4629.85	-0.0807516
-186	0	4629.95	-0.0844151
227	0	4630.25	1.18663
783	0	4631.25	1.2287
220	1	4631.9	1.17881
442	0	4632.25	1.20916
-26	0	4632.45	-0.0844811
-821	0	4632.65	-0.0811081
213	0	4633.35	1.1755
-996	0	4633.9	-0.080788
120	0	4633.95	1.26629
367	0	4634.4	1.2467
184	0	4634.55	1.20417
274	0	4634.85	1.23993
-486	0	4634.95	-0.0836671
990	0	4635.1	1.19482
73	0	4635.15	1.24528
774	0	4635.2	1.20981
332	0	4635.25	1.18481
-276	0	4635.65	-0.0819871
648	0	4635.7	1.24747
777	0	4635.7	1.2392
950	0	4636.2	1.20461
139	0	4636.6	1.17632
104	0	4637.35	1.1964
952	1	4637.4	1.15571
934	0	4637.55	1.16808
-991	0	4637.55	-0.0770661
143	0	4637.95	1.18344
575	1	4638.3	1.20356
405	0	4638.5	1.25755
657	0	4638.85	1.23454
164	0	4638.95	1.26525
-136	0	4639.15	-0.0810651
465	1	4639.2	1.142
594	0	4639.25	1.23579
-806	0	4639.45	-0.0812442
330	0	4639.6	1.17379
-756	0	4639.75	-0.0831476
-471	0	4640.7	-0.0811778
-686	0	4640.85	-0.0790633
539	0	4640.9	1.1867
702	0	4640.95	1.1648
-141	0	4641.05	-0.0804131
-431	0	4641.3	-0.0820183
459	0	4641.55	1.2383
5	0	4642.15	1.16613
-411	0	4643.15	-0.0810423
802	0	4643.95	1.26806
865	0	4644	1.19473
88	0	4644.2	1.25639
413	1	4644.65	1.23037
78	1	4644.8	1.15155
485	0	4644.9	1.21639
889	1	4644.9	1.23677
205	0	4645	1.26114
113	0	4645.4	1.21073
-221	0	4645.5	-0.0809521
159	0	4645.65	1.21256
529	0	4645.65	1.17956
532	0	4645.9	1.26494
33	0	4646.3	1.09479
-306	0	4646.65	-0.0848825
964	0	4646.95	1.21073
968	0	4647.4	1.26987
-946	0	4647.85	-0.0829037
548	0	4648.5	1.20269
-931	0	4648.9	-0.0816406
798	0	4649	1.25406
-651	0	4649.05	-0.0769029
-236	0	4649.3	-0.0830592
519	0	4649.4	1.22427
683	0	4649.65	1.21506
247	1	4650.05	1.24642
373	0	4650.4	1.18849
360	0	4650.9	1.19837
-296	0	4651.05	-0.0804583
-96	0	4651.2	-0.0788536
-71	0	4651.45	-0.0829944
505	0	4652.65	1.20852
472	0	4652.9	1.15655
-106	0	4652.95	-0.0820686
543	0	4653	1.25671
507	1	4653.25	1.17024
-366	0	4653.3	-0.0834768
723	0	4653.4	1.24199
23	0	4653.9	1.23178
142	0	4654.1	1.10155
818	0	4654.15	1.22902
97	1	4654.2	1.19797
-856	0	4654.8	-0.0788911
712	0	4654.85	1.22606
370	0	4654.95	1.22686
765	1	4655.1	1.25922
927	0	4655.1	1.24797
150	0	4655.55	1.23042
438	0	4655.7	1.20149
522	1	4655.85	1.26433
-791	0	4656.3	-0.080426
999	0	4656.45	1.25408
-666	0	4656.9	-0.077006
130	0	4657	1.24071
697	0	4657.1	1.21326
619	0	4657.2	1.25208
887	0	4657.35	1.25285
734	0	4657.65	1.19944
90	0	4658	1.26776
244	0	4658.05	1.2495
612	0	4658.7	1.1866
662	1	4658.75	1.25554
-711	0	4659.3	-0.0846803
604	1	4659.75	1.23208
477	0	4660.25	1.22967
642	0	4660.55	1.23205
375	0	4660.6	1.25755
890	0	4660.7	1.2647
249	0	4660.85	1.07437
282	0	4660.9	1.21704
892	0	4661.75	1.26306
828	0	4661.85	1.25412
80	1	4662	1.20125
452	0	4662.35	1.2284
685	1	4662.4	1.266
207	0	4662.45	1.14775
635	0	4663.1	1.24057
742	1	4663.25	1.22988
979	0	4663.5	1.2572
40	0	4663.55	1.20689
838	0	4663.55	1.23468
799	0	4663.75	1.22741
615	0	4663.9	1.25097
-606	0	4664.25	-0.0795636
677	0	4664.35	1.25021
362	0	4665	1.19147
744	0	4665.2	1.2414
909	0	4665.35	1.19833
949	0	4665.45	1.22536
-66	0	4665.5	-0.081952
-16	0	4665.7	-0.0808333
42	1	4665.9	1.26489
-576	0	4666	-0.0783296
374	1	4666.2	1.1053
809	0	4666.45	1.22851
69	0	4666.8	1.25444
-816	0	4666.85	-0.0819246
-171	0	4667.15	-0.0806644
770	0	4667.35	1.24639
-636	0	4667.5	-0.0831306
-151	0	4667.8	-0.0791056
-406	0	4668.05	-0.0821574
48	0	4668.25	1.24165
790	1	4668.4	1.26386
-881	0	4668.45	-0.0823628
133	0	4668.95	1.10646
-331	0	4669.2	-0.0806112
710	1	4669.45	1.21148
-611	0	4669.5	-0.0790059
990	0	4669.5	1.19482
484	0	4669.55	1.25521
218	0	4670.25	1.26396
-556	0	4670.3	-0.0770068
778	0	4670.3	1.21791
599	0	4670.35	1.21055
898	0	4670.35	1.26653
558	1	4670.85	1.20241
-626	0	4671.1	-0.0786401
248	0	4671.35	1.25418
453	1	4671.75	1.25863
372	1	4671.85	1.26468
1000	0	4672.7	1.21131
412	0	4673.4	1.24248
-216	0	4673.7	-0.0845487
469	1	4673.85	1.26359
929	1	4674.25	1.21721
884	0	4674.35	1.26082
18	0	4674.55	1.26247
12	0	4674.75	1.20674
600	1	4674.8	1.26782
72	0	4675.05	1.23566
837	0	4675.2	1.26865
53	0	4675.8	1.23912
-536	0	4675.9	-0.0838725
-516	0	4676.45	-0.0785704
363	0	4676.65	1.22426
-721	0	4676.75	-0.0828325
-901	0	4676.9	-0.0789212
364	0	4677.2	1.21453
-481	0	4677.2	-0.0843727
-716	0	4677.3	-0.0768287
-861	0	4677.7	-0.0827602
709	0	4677.85	1.2436
59	0	4677.95	1.20446
70	0	4678.05	1.25905
60	1	4678.65	1.25167
307	1	4678.85	1.20501
692	0	4679.35	1.23728
553	0	4680.45	1.24182
899	0	4680.55	1.20019
119	0	4681.45	1.13725
787	0	4681.5	1.19223
199	1	4681.55	1.15859
825	1	4681.55	1.24477
22	0	4682.2	1.10263
147	1	4682.55	1.2012
677	0	4682.55	1.25021
718	1	4683.25	1.15723
100	0	4683.65	1.21728
365	0	4683.95	1.21669
-266	0	4684.05	-0.080626
553	0	4684.25	1.24182
-961	0	4685.25	-0.0781891
998	0	4685.6	1.26305
629	1	4686.5	1.24331
312	0	4686.65	1.19433
-181	0	4686.7	-0.0802557
954	0	4686.9	1.23315
-291	0	4687.1	-0.0779666
-941	0	4688.15	-0.0822371
700	0	4688.45	1.23852
309	0	4688.9	1.25335
570	0	4689.1	1.26429
722	0	4689.35	1.15224
668	0	4689.85	1.18335
754	0	4689.9	1.18364
639	0	4690.15	1.25481
608	0	4690.45	1.19484
-571	0	4690.65	-0.0822936
192	0	4690.95	1.22532
775	0	4691.7	1.23445
583	0	4692.25	1.18036
343	0	4693	1.20081
137	0	4693.6	1.22587
182	0	4694.3	1.21479
-341	0	4694.5	-0.0774244
488	0	4694.95	1.22188
202	0	4696.05	1.21987
317	0	4696.25	1.20863
402	1	4696.65	1.1947
740	0	4696.7	1.26273
-241	0	4696.85	-0.0846571
-661	0	4696.95	-0.0791207
34	0	4697.05	1.21515
-776	0	4697.25	-0.0808301
559	0	4698.15	1.23973
975	1	4698.2	1.21425
-421	0	4698.5	-0.0778557
-126	0	4698.8	-0.0776982
422	0	4699	1.26975
480	0	4699.25	1.09944
163	0	4700.05	1.24636
725	0	4700.1	1.23264
893	0	4700.3	1.20689
-121	0	4700.5	-0.0847054
-546	0	4700.75	-0.0780091
195	1	4700.85	1.2262
-671	0	4700.9	-0.0847565
973	0	4701.5	1.22499
750	0	4701.7	1.18901
253	0	4702.55	1.24584
794	0	4702.7	1.19442
288	0	4702.8	1.23216
342	0	4702.8	1.22134
85	0	4703.2	1.23448
302	1	4703.4	1.1991
555	1	4704.75	1.16546
878	0	4706.7	1.18885
152	0	4707.2	1.26499
928	1	4707.85	1.22054
863	0	4708.05	1.14048
269	0	4708.1	1.19692
-926	0	4708.4	-0.0843247
-501	0	4708.9	-0.0768772
-761	0	4708.9	-0.0774219
-491	0	4709	-0.0795285
264	0	4709.3	1.24185
550	0	4709.55	1.26971
448	1	4710.15	1.21391
325	0	4710.2	1.22655
225	0	4710.25	1.2633
582	0	4710.4	1.26795
655	0	4710.4	1.22261
-31	0	4710.45	-0.0846994
827	0	4710.6	1.26997
-506	0	4710.75	-0.0803501
278	0	4711.05	1.22987
82	1	4711.15	1.2674
-426	0	4711.25	-0.0789412
420	0	4711.3	1.25131
379	0	4711.65	1.20281
300	0	4711.75	1.2528
-381	0	4712.5	-0.0816283
217	0	4712.65	1.19475
823	0	4712.7	1.19648
-401	0	4712.8	-0.0783108
862	0	4713	1.24874
417	0	4713.7	1.21505
-166	0	4713.75	-0.0801145
885	0	4714.1	1.26853
679	0	4714.25	1.07671
109	1	4714.5	1.25494
324	0	4714.5	1.26767
349	0	4714.65	1.20706
-81	0	4715	-0.0780129
214	0	4715.4	1.24734
75	0	4716	1.23188
497	1	4716.1	1.21217
458	1	4716.3	1.25475
578	1	4716.65	1.24029
652	0	4716.75	1.20812
257	0	4716.85	1.26595
-596	0	4716.95	-0.0849925
-921	0	4717.15	-0.0844251
378	0	4717.2	1.19241
169	0	4717.7	1.23037
-876	0	4717.75	-0.0782037
258	0	4718.3	1.07486
523	0	4718.3	1.23274
248	0	4718.4	1.25418
343	0	4718.5	1.20081
624	0	4718.5	1.26465
14	0	4718.65	1.22922
654	0	4718.75	1.26667
798	0	4718.8	1.25406
105	0	4719.15	1.2654
-701	0	4719.85	-0.0801587
159	0	4720.55	1.21256
719	0	4721.15	1.23192
-191	0	4721.2	-0.0796722
538	1	4721.25	1.22668
-211	0	4721.4	-0.0786049
727	0	4721.7	1.24994
967	1	4721.8	1.26503
292	0	4722	1.20993
873	1	4722.05	1.2125
433	1	4722.75	1.24329
-261	0	4723	-0.0842753
-891	0	4723.05	-0.0769421
857	0	4723.4	1.17866
37	0	4723.6	1.21805
-981	0	4723.6	-0.0795261
733	0	4723.65	1.25903
-956	0	4723.9	-0.0822439
-771	0	4724.05	-0.0846789
187	0	4724.2	1.2424
-931	0	4724.4	-0.0816406
638	0	4724.5	1.22975
760	0	4724.55	1.20162
972	0	4725.1	1.25512
755	0	4725.2	1.24181
215	0	4725.25	1.24289
874	0	4725.5	1.25003
382	0	4725.95	1.133
124	0	4726.35	1.22896
494	0	4726.4	1.26792
-916	0	4726.75	-0.0778707
-466	0	4726.8	-0.0818656
-656	0	4726.9	-0.0789346
525	0	4727.3	1.24695
-301	0	4727.35	-0.0813886
438	0	4728.65	1.20149
589	0	4728.75	1.19918
987	0	4729.4	1.19462
54	1	4729.85	1.19836
-831	0	4729.9	-0.078657
634	0	4729.95	1.21569
947	1	4729.95	1.22421
329	0	4731.1	1.23244
869	0	4731.2	1.23101
994	1	4731.25	1.24972
333	0	4731.45	1.18645
963	0	4731.5	1.20571
-766	0	4731.6	-0.077059
808	0	4731.6	1.25129
-836	0	4731.85	-0.0830928
228	0	4731.9	1.23592
673	0	4732.3	1.23949
235	0	4732.45	1.19635
-676	0	4732.65	-0.0801208
263	0	4732.75	1.17583
628	1	4732.75	1.25645
-111	0	4732.9	-0.0848851
-641	0	4733.1	-0.0812682
58	0	4733.15	1.20085
-51	0	4733.2	-0.0784864
960	0	4733.2	1.2353
-91	0	4733.35	-0.0790201
-581	0	4733.35	-0.0770556
-541	0	4733.75	-0.0790146
434	0	4733.85	1.24022
28	0	4733.9	1.22306
-521	0	4734.05	-0.0785232
-741	0	4734.4	-0.0816392
945	0	4734.4	1.22857
693	0	4734.55	1.20408
813	0	4734.75	1.19669
940	0	4735.1	1.19817
-201	0	4735.5	-0.0794485
533	0	4735.75	1.2038
-951	0	4736	-0.0798868
134	0	4736.35	1.19055
243	0	4736.4	1.15084
-386	0	4736.6	-0.0837885
478	0	4736.65	1.22796
-436	0	4736.75	-0.0821152
380	0	4736.85	1.18159
-206	0	4736.9	-0.0766647
379	0	4736.9	1.20281
614	0	4737.05	1.24977
460	0	4737.25	1.21063
347	0	4737.3	1.26887
517	0	4737.5	1.24549
-936	0	4737.75	-0.0783792
335	1	4739	1.19674
508	0	4739.4	1.21369
602	0	4740.05	1.20523
524	0	4740.15	1.18033
-441	0	4740.2	-0.0828971
473	0	4740.2	1.20436
568	1	4740.2	1.20449
414	0	4740.75	1.1142
657	0	4740.85	1.23454
238	0	4741.05	1.23562
849	0	4741.15	1.22379
793	1	4741.35	1.22256
567	0	4742	1.08787
345	0	4742.2	1.17831
-446	0	4742.35	-0.0820781
293	0	4742.6	1.24633
978	0	4742.65	1.24848
-691	0	4742.7	-0.0836728
-551	0	4743	-0.0781117
-286	0	4743.2	-0.082008
-336	0	4744.35	-0.0806825
145	1	4744.65	1.26451
684	0	4745.5	1.2488
-56	0	4745.85	-0.077126
-346	0	4746.05	-0.0787887
218	0	4746.4	1.26396
839	1	4746.45	1.22793
580	0	4747.1	1.21962
527	0	4747.7	1.25076
782	1	4747.75	1.24862
-311	0	4747.8	-0.0795281
617	0	4748	1.0705
732	0	4748.05	1.22371
515	0	4748.55	1.19704
894	1	4748.75	1.26972
-196	0	4748.8	-0.0825389
-911	0	4748.9	-0.0769188
-1	0	4749.05	-0.0818602
108	0	4749.05	1.21789
750	0	4749.1	1.18901
888	0	4749.15	1.2628
450	1	4749.5	1.2444
510	1	4749.65	1.20172
688	1	4749.95	1.20431
-841	0	4749.95	-0.0836364
829	0	4750.2	1.19169
577	0	4750.4	1.22609
513	0	4750.55	1.22053
-696	0	4751.05	-0.0845704
828	0	4751.05	1.25412
-251	0	4751.6	-0.0845732
315	0	4752	1.22978
763	0	4752.4	1.2387
-11	0	4752.75	-0.0837436
397	1	4753.15	1.23958
-916	0	4753.15	-0.0778707
128	0	4753.6	1.21097
205	0	4754.1	1.26114
977	1	4754.5	1.23501
398	0	4755.05	1.23048
209	0	4755.55	1.26827
789	0	4755.7	1.14938
234	0	4755.85	1.21025
703	0	4756.35	1.2408
-976	0	4756.8	-0.0816875
879	1	4756.95	1.25272
-986	0	4757.3	-0.0786666
340	0	4757.8	1.24469
767	1	4757.8	1.26774
-246	0	4757.95	-0.0782399
892	0	4758.65	1.26306
-531	0	4759	-0.0811807
768	1	4759	1.24089
27	0	4759.15	1.19396
637	1	4759.4	1.25843
670	1	4760.65	1.24587
504	1	4761.1	1.22447
-156	0	4761.45	-0.0770979
275	0	4761.45	1.23928
882	0	4761.9	1.25308
-356	0	4762.05	-0.0821998
114	1	4762.75	1.21025
192	0	4763.1	1.22532
-646	0	4763.25	-0.0767582
313	0	4763.3	1.22194
334	0	4763.35	1.23747
955	0	4764.35	1.20537
394	0	4764.4	1.20491
710	1	4764.45	1.21148
-76	0	4764.8	-0.0836006
102	0	4764.95	1.20008
528	1	4764.95	1.12315
120	0	4765.1	1.26629
463	0	4765.2	1.19371
-176	0	4765.3	-0.0827467
783	0	4765.6	1.2287
967	1	4765.6	1.26503
73	0	4766.05	1.24528
293	0	4766.7	1.24633
517	0	4766.8	1.24549
739	0	4766.8	1.22653
729	0	4766.95	1.18863
367	0	4767.3	1.2467
795	0	4767.4	1.21784
777	0	4767.45	1.2392
-591	0	4767.6	-0.0780313
47	0	4767.8	1.23764
405	0	4767.85	1.25755
559	0	4769.7	1.23973
-616	0	4770.1	-0.0805826
648	0	4770.5	1.24747
164	0	4770.6	1.26525
442	0	4771.15	1.20916
-131	0	4771.35	-0.0816311
425	1	4771.8	1.21039
274	0	4772.05	1.23993
612	0	4772.5	1.1866
500	0	4772.55	1.19611
774	0	4772.7	1.20981
594	0	4773.7	1.23579
802	0	4773.75	1.26806
88	0	4773.85	1.25639
357	0	4774.05	1.11081
459	0	4774.35	1.2383
532	0	4774.65	1.26494
710	1	4774.7	1.21148
629	1	4774.9	1.24331
454	0	4774.95	1.18221
95	0	4775.25	1.07342
213	0	4775.3	1.1755
-376	0	4775.8	-0.0843473
227	0	4776.1	1.18663
-811	0	4776.2	-0.0806842
977	1	4776.7	1.23501
-316	0	4776.75	-0.0787772
-801	0	4776.75	-0.0790191
968	0	4777.1	1.26987
482	0	4777.4	1.13176
-451	0	4777.5	-0.0802119
575	1	4777.5	1.20356
-456	0	4777.95	-0.082725
950	0	4777.95	1.20461
184	0	4778.9	1.20417
-41	0	4779.5	-0.0845964
889	1	4779.8	1.23677
413	1	4779.85	1.23037
485	0	4780.15	1.21639
452	0	4780.25	1.2284
-726	0	4780.5	-0.0791974
113	0	4780.65	1.21073
143	0	4780.85	1.18344
885	0	4781.2	1.26853
332	0	4781.4	1.18481
104	0	4781.5	1.1964
247	1	4781.95	1.24642
139	0	4783.3	1.17632
543	0	4783.4	1.25671
934	0	4783.75	1.16808
-846	0	4783.8	-0.0774653
964	0	4784.1	1.21073
765	1	4784.2	1.25922
519	0	4784.25	1.22427
522	1	4784.75	1.26433
927	0	4785.15	1.24797
723	0	4785.6	1.24199
619	0	4785.65	1.25208
330	0	4785.95	1.17379
683	0	4786.05	1.21506
539	0	4786.6	1.1867
887	0	4786.6	1.25285
-281	0	4786.65	-0.0819125
90	0	4786.7	1.26776
-6	0	4786.95	-0.0800403
23	0	4786.95	1.23178
548	0	4787.2	1.20269
-46	0	4787.8	-0.079866
865	0	4788.1	1.19473
999	0	4788.15	1.25408
675	0	4788.65	1.18726
360	0	4788.7	1.19837
244	0	4788.9	1.2495
890	0	4789.4	1.2647
373	0	4789.55	1.18849
-326	0	4789.75	-0.0818293
719	0	4789.75	1.23192
370	0	4789.85	1.22686
150	0	4790	1.23042
712	0	4790.35	1.22606
375	0	4791	1.25755
130	0	4791.15	1.24071
685	1	4791.2	1.266
662	1	4791.5	1.25554
818	0	4792.8	1.22902
642	0	4792.95	1.23205
604	1	4793.25	1.23208
-86	0	4793.55	-0.0790285
-746	0	4793.65	-0.0826763
477	0	4793.7	1.22967
129	0	4793.75	1.17142
42	1	4793.9	1.26489
697	0	4793.9	1.21326
979	0	4794.05	1.2572
702	0	4794.35	1.1648
100	0	4794.55	1.21728
-496	0	4794.8	-0.0797042
-96	0	4794.85	-0.0788536
987	0	4794.95	1.19462
838	0	4795.45	1.23468
69	0	4795.65	1.25444
742	1	4796.7	1.22988
97	1	4796.8	1.19797
615	0	4796.8	1.25097
635	0	4796.8	1.24057
744	0	4796.85	1.2414
790	1	4796.85	1.26386
-511	0	4797.15	-0.079882
734	0	4797.15	1.19944
799	0	4797.4	1.22741
282	0	4797.6	1.21704
-786	0	4797.6	-0.078537
-396	0	4798.1	-0.0768374
898	0	4798.35	1.26653
4	0	4798.4	1.09841
372	1	4798.6	1.26468
453	1	4798.85	1.25863
484	0	4798.9	1.25521
754	0	4800	1.18364
770	0	4800.05	1.24639
505	0	4800.15	1.20852
-866	0	4800.25	-0.0780137
949	0	4800.35	1.22536
-101	0	4800.5	-0.0847597
-896	0	4800.5	-0.0842685
469	1	4800.8	1.26359
809	0	4800.85	1.22851
-851	0	4800.95	-0.0801218
-561	0	4801.25	-0.0819157
80	1	4801.5	1.20125
18	0	4802.05	1.26247
48	0	4802.1	1.24165
-106	0	4802.1	-0.0820686
-36	0	4802.25	-0.0805742
-321	0	4802.4	-0.0793801
342	0	4802.5	1.22134
600	1	4802.95	1.26782
40	0	4803	1.20689
884	0	4803.1	1.26082
837	0	4803.35	1.26865
990	0	4803.45	1.19482
412	0	4804.3	1.24248
507	1	4804.4	1.17024
-461	0	4805.25	-0.0803266
-256	0	4805.3	-0.0789299
53	0	4805.5	1.23912
778	0	4806.6	1.21791
70	0	4806.75	1.25905
72	0	4807.1	1.23566
909	0	4807.3	1.19833
-391	0	4807.7	-0.0805533
735	0	4807.95	1.13271
827	0	4808.4	1.26997
362	0	4808.8	1.19147
-721	0	4808.8	-0.0828325
709	0	4809.3	1.2436
-526	0	4809.35	-0.0767728
60	1	4809.4	1.25167
363	0	4809.7	1.22426
929	1	4809.75	1.21721
-601	0	4809.95	-0.0845721
839	1	4810.2	1.22793
-361	0	4810.4	-0.0767746
599	0	4810.5	1.21055
-371	0	4811.15	-0.0849088
1000	0	4811.9	1.21131
825	1	4812.4	1.24477
93	0	4812.7	1.12777
353	0	4812.85	1.1056
692	0	4813.15	1.23728
764	1	4813.35	1.20743
12	0	4813.7	1.20674
-621	0	4813.75	-0.0819943
364	0	4814.05	1.21453
558	1	4814.25	1.20241
998	0	4814.5	1.26305
-216	0	4814.85	-0.0845487
-666	0	4814.9	-0.077006
-721	0	4815.1	-0.0828325
-141	0	4815.6	-0.0804131
307	1	4815.75	1.20501
267	1	4816.7	1.19091
358	0	4817.1	1.10553
-116	0	4817.4	-0.0786796
-231	0	4817.45	-0.0795435
-681	0	4817.8	-0.0804097
700	0	4817.95	1.23852
365	0	4818.4	1.21669
570	0	4818.4	1.26429
954	0	4818.5	1.23315
677	0	4818.8	1.25021
335	1	4819.15	1.19674
-891	0	4819.15	-0.0769421
-586	0	4819.3	-0.0781322
-966	0	4819.3	-0.0772582
914	0	4819.35	1.0799
147	1	4819.65	1.2012
899	0	4819.8	1.20019
639	0	4820.2	1.25481
798	0	4821.75	1.25406
59	0	4822.45	1.20446
-271	0	4822.85	-0.0847218
209	0	4823.2	1.26827
787	0	4823.25	1.19223
309	0	4823.6	1.25335
-826	0	4824.1	-0.0797886
-136	0	4824.45	-0.0810651
740	0	4825.95	1.26273
-736	0	4826.05	-0.0812128
-856	0	4827.9	-0.0788911
-471	0	4827.95	-0.0811778
422	0	4828.15	1.26975
252	0	4828.25	1.23003
137	0	4828.35	1.22587
202	0	4829.55	1.21987
488	0	4829.95	1.22188
933	0	4830	1.18865
-971	0	4830	-0.0827419
529	0	4830.05	1.17956
608	0	4831.35	1.19484
775	0	4831.35	1.23445
-276	0	4831.55	-0.0819871
683	0	4831.55	1.21506
553	0	4831.9	1.24182
725	0	4832.15	1.23264
755	0	4832.3	1.24181
159	0	4833.05	1.21256
253	0	4833.2	1.24584
163	0	4834.05	1.24636
668	0	4834.15	1.18335
-26	0	4834.6	-0.0844811
-186	0	4834.6	-0.0844151
317	0	4834.6	1.20863
975	1	4834.7	1.21425
288	0	4835	1.23216
34	0	4835.15	1.21515
312	0	4835.65	1.19433
182	0	4836.1	1.21479
512	1	4836.2	1.18448
152	0	4836.8	1.26499
114	1	4837.15	1.21025
248	0	4837.85	1.25418
550	0	4837.95	1.26971
582	0	4838	1.26795
-906	0	4839.05	-0.0834593
823	0	4839.15	1.19648
837	0	4839.2	1.26865
893	0	4839.6	1.20689
82	1	4839.65	1.2674
225	0	4840.35	1.2633
85	0	4840.6	1.23448
264	0	4840.6	1.24185
359	0	4840.85	1.14841
438	0	4841.3	1.20149
402	1	4841.45	1.1947
300	0	4841.6	1.2528
380	0	4841.65	1.18159
333	0	4842.1	1.18645
420	0	4842.3	1.25131
-546	0	4842.85	-0.0780091
324	0	4842.9	1.26767
195	1	4843.05	1.2262
109	1	4843.2	1.25494
648	0	4843.3	1.24747
480	0	4843.4	1.09944
-406	0	4843.45	-0.0821574
684	0	4843.85	1.2488
325	0	4843.9	1.22655
257	0	4844.25	1.26595
655	0	4844.7	1.22261
654	0	4845	1.26667
-781	0	4845.1	-0.0767207
-796	0	4845.2	-0.0778648
794	0	4845.6	1.19442
218	0	4845.7	1.26396
928	1	4846.1	1.22054
862	0	4846.45	1.24874
-876	0	4846.5	-0.0782037
-351	0	4846.65	-0.0769191
458	1	4847	1.25475
790	1	4847.25	1.26386
828	0	4847.45	1.25412
105	0	4847.55	1.2654
624	0	4848.4	1.26465
75	0	4848.45	1.23188
269	0	4848.5	1.19692
214	0	4848.75	1.24734
-566	0	4848.8	-0.0807516
448	1	4849.1	1.21391
578	1	4849.35	1.24029
169	0	4849.65	1.23037
733	0	4850.2	1.25903
417	0	4850.6	1.21505
652	0	4850.9	1.20812
349	0	4851	1.20706
379	0	4851	1.20281
549	1	4851.2	1.07311
523	0	4851.3	1.23274
-146	0	4851.7	-0.0811519
497	1	4851.9	1.21217
973	0	4852.45	1.22499
-236	0	4852.75	-0.0830592
14	0	4852.8	1.22922
524	0	4853.1	1.18033
727	0	4853.65	1.24994
-176	0	4853.8	-0.0827467
217	0	4854.1	1.19475
555	1	4854.55	1.16546
787	0	4854.65	1.19223
972	0	4854.85	1.25512
538	1	4854.9	1.22668
494	0	4855.4	1.26792
-516	0	4855.4	-0.0785704
433	1	4855.65	1.24329
-421	0	4855.95	-0.0778557
37	0	4856.15	1.21805
874	0	4856.45	1.25003
187	0	4856.55	1.2424
215	0	4856.65	1.24289
873	1	4856.9	1.2125
397	1	4857.05	1.23958
525	0	4857.05	1.24695
-556	0	4857.5	-0.0770068
-411	0	4857.9	-0.0810423
638	0	4857.9	1.22975
292	0	4858.05	1.20993
395	1	4858.25	1.16382
-636	0	4858.35	-0.0831306
343	0	4858.65	1.20081
378	0	4859.05	1.19241
878	0	4860.15	1.18885
-686	0	4860.25	-0.0790633
-631	0	4860.5	-0.081292
994	1	4861.6	1.24972
808	0	4861.65	1.25129
302	1	4862.25	1.1991
628	1	4862.75	1.25645
-901	0	4862.85	-0.0789212
869	0	4863.2	1.23101
452	0	4863.6	1.2284
-611	0	4863.9	-0.0790059
-791	0	4864.1	-0.080426
-221	0	4864.2	-0.0809521
673	0	4864.6	1.23949
967	1	4864.8	1.26503
947	1	4865.05	1.22421
329	0	4865.1	1.23244
228	0	4865.15	1.23592
124	0	4865.25	1.22896
49	1	4865.4	1.16882
565	0	4865.55	1.18014
-501	0	4865.6	-0.0768772
-886	0	4865.75	-0.0843674
-626	0	4865.95	-0.0786401
960	0	4866.5	1.2353
434	0	4866.7	1.24022
712	0	4866.9	1.22606
347	0	4867.05	1.26887
28	0	4867.5	1.22306
345	0	4867.6	1.17831
633	0	4867.8	1.09972
54	1	4868.2	1.19836
589	0	4868.3	1.19918
-606	0	4868.5	-0.0795636
614	0	4868.7	1.24977
945	0	4869.15	1.22857
-871	0	4869.25	-0.0794662
58	0	4869.45	1.20085
235	0	4869.85	1.19635
192	0	4869.95	1.22532
760	0	4870.35	1.20162
489	1	4870.55	1.08359
634	0	4871.1	1.21569
-161	0	4871.15	-0.0822454
559	0	4871.75	1.23973
963	0	4871.85	1.20571
478	0	4872.35	1.22796
629	1	4872.65	1.24331
787	0	4872.85	1.19223
-706	0	4873.05	-0.0811305
813	0	4873.3	1.19669
502	1	4873.4	1.10274
694	0	4873.65	1.13452
-731	0	4873.7	-0.0817535
145	1	4874.15	1.26451
-21	0	4874.4	-0.0827179
940	0	4874.5	1.19817
533	0	4874.75	1.2038
-996	0	4874.85	-0.080788
-426	0	4875.15	-0.0789412
508	0	4875.4	1.21369
657	0	4875.75	1.23454
460	0	4875.85	1.21063
-416	0	4876.1	-0.0825104
238	0	4876.25	1.23562
849	0	4876.25	1.22379
362	0	4876.35	1.19147
688	1	4876.7	1.20431
978	0	4876.95	1.24848
-761	0	4877.2	-0.0774219
793	1	4877.25	1.22256
693	0	4877.4	1.20408
-806	0	4877.7	-0.0812442
-401	0	4877.8	-0.0783108
-751	0	4878	-0.0836268
664	0	4878.2	1.08113
473	0	4878.5	1.20436
583	0	4879	1.18036
894	1	4879.85	1.26972
782	1	4880.05	1.24862
888	0	4880.05	1.2628
602	0	4880.35	1.20523
-296	0	4880.45	-0.0804583
404	0	4880.75	1.11739
-151	0	4880.95	-0.0791056
370	0	4881.15	1.22686
527	0	4881.95	1.25076
-816	0	4881.95	-0.0819246
104	0	4882	1.1964
-66	0	4882.9	-0.081952
-771	0	4883.05	-0.0846789
99	0	4883.35	1.07171
599	0	4883.6	1.21055
750	0	4884.05	1.18901
885	0	4884.45	1.26853
568	1	4884.75	1.20449
-756	0	4885.55	-0.0831476
552	0	4885.6	1.14033
134	0	4886.15	1.19055
205	0	4886.5	1.26114
315	0	4886.6	1.22978
450	1	4886.65	1.2444
-81	0	4886.75	-0.0780129
580	0	4886.9	1.21962
-881	0	4887	-0.0823628
767	1	4888.6	1.26774
279	0	4888.9	1.12814
879	1	4889.05	1.25272
-366	0	4889.45	-0.0834768
-906	0	4889.95	-0.0834593
637	1	4890.95	1.25843
732	0	4891.05	1.22371
850	0	4891.05	1.14345
703	0	4891.5	1.2408
340	0	4891.7	1.24469
108	0	4891.75	1.21789
319	1	4892.15	1.08834
357	0	4892.15	1.11081
-711	0	4892.15	-0.0846803
-436	0	4892.2	-0.0821152
-941	0	4892.45	-0.0822371
510	1	4892.5	1.20172
892	0	4892.55	1.26306
-961	0	4892.55	-0.0781891
-981	0	4892.75	-0.0795261
-51	0	4893.2	-0.0784864
-226	0	4893.7	-0.0825775
-126	0	4894	-0.0776982
-506	0	4894.1	-0.0803501
-571	0	4894.75	-0.0822936
-861	0	4894.95	-0.0827602
120	0	4895.5	1.26629
670	1	4895.5	1.24587
829	0	4896.1	1.19169
-56	0	4896.45	-0.077126
-291	0	4896.7	-0.0779666
405	0	4896.8	1.25755
-651	0	4896.85	-0.0769029
73	0	4897.2	1.24528
-381	0	4897.25	-0.0816283
577	0	4897.3	1.22609
504	1	4897.65	1.22447
517	0	4897.7	1.24549
763	0	4897.8	1.2387
515	0	4897.9	1.19704
710	1	4898.4	1.21148
-491	0	4898.7	-0.0795285
-196	0	4898.8	-0.0825389
334	0	4899.05	1.23747
293	0	4899.1	1.24633
897	0	4899.2	1.14093
719	0	4899.3	1.23192
-66	0	4899.4	-0.081952
398	0	4899.45	1.23048
275	0	4899.55	1.23928
-91	0	4900.05	-0.0790201
768	1	4900.05	1.24089
777	0	4900.2	1.2392
882	0	4901.05	1.25308
164	0	4901.2	1.26525
367	0	4901.3	1.2467
-386	0	4901.8	-0.0837885
513	0	4902.05	1.22053
313	0	4902.1	1.22194
962	1	4902.2	1.19026
783	0	4902.65	1.2287
88	0	4903.1	1.25639
739	0	4903.2	1.22653
827	0	4903.35	1.26997
-676	0	4903.5	-0.0801208
234	0	4903.9	1.21025
-211	0	4904.05	-0.0786049
532	0	4904.15	1.26494
802	0	4904.15	1.26806
-331	0	4904.4	-0.0806112
-111	0	4905.3	-0.0848851
27	0	4905.55	1.19396
-181	0	4906.75	-0.0802557
968	0	4907	1.26987
459	0	4907.3	1.2383
955	0	4908.1	1.20537
404	0	4908.3	1.11739
594	0	4908.3	1.23579
-656	0	4908.65	-0.0789346
-71	0	4908.9	-0.0829944
274	0	4909.15	1.23993
442	0	4909.3	1.20916
795	0	4909.4	1.21784
128	0	4909.9	1.21097
248	0	4910	1.25418
394	0	4910.95	1.20491
440	1	4911.2	1.14254
543	0	4912.1	1.25671
765	1	4912.15	1.25922
799	0	4912.25	1.22741
-486	0	4912.55	-0.0836671
522	1	4913	1.26433
48	0	4913.1	1.24165
-341	0	4913.15	-0.0774244
-956	0	4913.5	-0.0822439
90	0	4913.8	1.26776
887	0	4914.65	1.25285
69	0	4914.9	1.25444
102	0	4915.2	1.20008
-306	0	4915.45	-0.0848825
507	1	4915.5	1.17024
47	0	4915.6	1.23764
247	1	4915.75	1.24642
619	0	4916.1	1.25208
889	1	4916.2	1.23677
575	1	4916.35	1.20356
927	0	4916.45	1.24797
670	1	4916.5	1.24587
-181	0	4916.65	-0.0802557
890	0	4917.3	1.2647
-991	0	4917.65	-0.0770661
-581	0	4917.95	-0.0770556
113	0	4918.15	1.21073
950	0	4918.3	1.20461
685	1	4918.45	1.266
860	0	4918.45	1.16677
-11	0	4919	-0.0837436
500	0	4919.05	1.19611
723	0	4919.1	1.24199
413	1	4919.45	1.23037
485	0	4919.55	1.21639
-661	0	4919.65	-0.0791207
638	0	4919.8	1.22975
-266	0	4920.25	-0.080626
977	1	4920.3	1.23501
244	0	4920.4	1.2495
375	0	4920.7	1.25755
519	0	4920.7	1.22427
729	0	4920.7	1.18863
999	0	4921	1.25408
23	0	4921.1	1.23178
-826	0	4921.4	-0.0797886
425	1	4921.5	1.21039
675	0	4921.9	1.18726
184	0	4922.1	1.20417
130	0	4922.4	1.24071
227	0	4922.55	1.18663
380	0	4922.55	1.18159
-446	0	4922.7	-0.0820781
839	1	4923.25	1.22793
964	0	4923.45	1.21073
612	0	4923.6	1.1866
745	1	4923.75	1.13614
662	1	4923.8	1.25554
-286	0	4924	-0.082008
-596	0	4924.1	-0.0849925
979	0	4924.25	1.2572
-206	0	4924.4	-0.0766647
-951	0	4924.5	-0.0798868
42	1	4924.6	1.26489
604	1	4924.85	1.23208
360	0	4925.75	1.19837
615	0	4925.95	1.25097
150	0	4926.35	1.23042
209	0	4926.85	1.26827
372	1	4926.9	1.26468
-531	0	4926.9	-0.0811807
-1	0	4926.95	-0.0818602
-61	0	4926.95	-0.0827715
477	0	4927	1.22967
453	1	4927.2	1.25863
-671	0	4927.2	-0.0847565
898	0	4927.4	1.26653
642	0	4927.55	1.23205
484	0	4928.2	1.25521
838	0	4928.25	1.23468
818	0	4928.7	1.22902
469	1	4928.9	1.26359
-766	0	4929.25	-0.077059
284	0	4929.4	1.13218
-976	0	4929.4	-0.0816875
548	0	4929.55	1.20269
18	0	4929.75	1.26247
742	1	4929.85	1.22988
817	1	4929.85	1.14405
373	0	4930.35	1.18849
-476	0	4930.95	-0.0783654
-701	0	4931	-0.0801587
744	0	4931	1.2414
635	0	4931.35	1.24057
884	0	4931.55	1.26082
755	0	4931.6	1.24181
600	1	4931.8	1.26782
770	0	4932.6	1.24639
539	0	4932.95	1.1867
-551	0	4933.35	-0.0781117
697	0	4933.5	1.21326
100	0	4933.6	1.21728
-946	0	4934.95	-0.0829037
282	0	4935.25	1.21704
949	0	4935.25	1.22536
-691	0	4935.3	-0.0836728
809	0	4935.7	1.22851
412	0	4936.35	1.24248
-716	0	4936.35	-0.0768287
505	0	4936.65	1.20852
865	0	4936.7	1.19473
53	0	4936.75	1.23912
-926	0	4937.3	-0.0843247
40	0	4937.4	1.20689
97	1	4937.7	1.19797
70	0	4937.95	1.25905
700	0	4938.35	1.23852
-831	0	4938.5	-0.078657
80	1	4938.55	1.20125
684	0	4939.05	1.2488
72	0	4939.55	1.23566
-16	0	4940.6	-0.0808333
933	0	4940.7	1.18865
330	0	4940.9	1.17379
60	1	4940.95	1.25167
778	0	4941	1.21791
84	0	4941.2	1.07006
-536	0	4941.95	-0.0838725
-786	0	4942.05	-0.078537
825	1	4942.2	1.24477
-776	0	4942.25	-0.0808301
823	0	4942.25	1.19648
709	0	4942.3	1.2436
342	0	4942.5	1.22134
998	0	4942.65	1.26305
-121	0	4942.75	-0.0847054
-641	0	4942.85	-0.0812682
-191	0	4943	-0.0796722
849	0	4943.25	1.22379
-616	0	4943.4	-0.0805826
-441	0	4943.55	-0.0828971
363	0	4944.25	1.22426
990	0	4945	1.19482
754	0	4945.85	1.18364
570	0	4946.2	1.26429
692	0	4946.2	1.23728
909	0	4946.55	1.19833
-156	0	4946.6	-0.0770979
49	1	4947.15	1.16882
129	0	4947.45	1.17142
929	1	4947.85	1.21721
677	0	4948.2	1.25021
-836	0	4948.5	-0.0830928
169	0	4948.6	1.23037
-326	0	4948.75	-0.0818293
114	1	4948.9	1.21025
1000	0	4949	1.21131
-481	0	4949.75	-0.0843727
648	0	4950.65	1.24747
364	0	4951	1.21453
639	0	4951.15	1.25481
-921	0	4951.9	-0.0844251
954	0	4951.95	1.23315
-76	0	4952.3	-0.0836006
365	0	4952.45	1.21669
-356	0	4953	-0.0821998
307	1	4953.5	1.20501
135	0	4953.85	1.09268
397	1	4954.05	1.23958
-541	0	4954.1	-0.0790146
12	0	4954.15	1.20674
798	0	4954.4	1.25406
-201	0	4955.4	-0.0794485
-241	0	4956.1	-0.0846571
558	1	4956.5	1.20241
-96	0	4956.7	-0.0788536
278	0	4957.05	1.22987
683	0	4957.1	1.21506
-696	0	4957.35	-0.0845704
740	0	4958.15	1.26273
309	0	4958.45	1.25335
764	1	4959	1.20743
702	0	4959.4	1.1648
422	0	4960.35	1.26975
837	0	4961.4	1.26865
267	1	4962.3	1.19091
147	1	4962.8	1.2012
764	1	4962.85	1.20743
-346	0	4963.35	-0.0787887
137	0	4963.4	1.22587
409	0	4963.7	1.12807
790	1	4963.9	1.26386
-396	0	4964.15	-0.0768374
-301	0	4964.75	-0.0813886
-591	0	4964.85	-0.0780313
725	0	4965.1	1.23264
-171	0	4965.2	-0.0806644
553	0	4965.3	1.24182
-936	0	4965.35	-0.0783792
550	0	4965.55	1.26971
393	1	4965.85	1.19636
582	0	4966.05	1.26795
-311	0	4966.35	-0.0795281
-576	0	4966.6	-0.0783296
463	0	4966.75	1.19371
452	0	4966.8	1.2284
-131	0	4966.9	-0.0816311
202	0	4966.9	1.21987
228	0	4966.9	1.23592
375	0	4966.95	1.25755
253	0	4967.2	1.24584
775	0	4967.35	1.23445
152	0	4967.4	1.26499
785	0	4967.6	1.09193
163	0	4967.7	1.24636
899	0	4967.8	1.20019
-841	0	4968.45	-0.0836364
863	0	4969.05	1.14048
854	0	4970.1	1.08586
488	0	4970.55	1.22188
82	1	4970.75	1.2674
562	0	4970.75	1.07476
225	0	4970.95	1.2633
654	0	4971.1	1.26667
59	0	4971.15	1.20446
252	0	4971.5	1.23003
324	0	4971.6	1.26767
-166	0	4971.7	-0.0801145
288	0	4971.75	1.23216
-856	0	4971.9	-0.0788911
257	0	4972.05	1.26595
300	0	4972.2	1.2528
109	1	4972.3	1.25494
317	0	4972.4	1.20863
420	0	4972.5	1.25131
264	0	4973.15	1.24185
712	0	4973.6	1.22606
395	1	4973.8	1.16382
975	1	4974.05	1.21425
34	0	4974.2	1.21515
667	0	4974.55	1.15751
608	0	4974.6	1.19484
629	1	4974.95	1.24331
-561	0	4975.4	-0.0819157
770	0	4975.85	1.24639
218	0	4976.15	1.26396
-376	0	4976.45	-0.0843473
85	0	4976.8	1.23448
-456	0	4976.95	-0.082725
182	0	4977.15	1.21479
624	0	4977.2	1.26465
702	0	4977.2	1.1648
733	0	4977.25	1.25903
159	0	4977.6	1.21256
458	1	4977.6	1.25475
325	0	4978.15	1.22655
-666	0	4978.15	-0.077006
828	0	4978.15	1.25412
370	0	4978.3	1.22686
862	0	4978.45	1.24874
-916	0	4978.8	-0.0778707
504	1	4979.05	1.22447
105	0	4979.2	1.2654
195	1	4979.3	1.2262
214	0	4979.7	1.24734
655	0	4980.7	1.22261
893	0	4980.75	1.20689
578	1	4980.8	1.24029
458	1	4981	1.25475
-801	0	4981	-0.0790191
312	0	4981.5	1.19433
494	0	4982.45	1.26792
75	0	4982.9	1.23188
523	0	4982.9	1.23274
688	1	4983.2	1.20431
788	0	4983.25	1.07646
-911	0	4983.9	-0.0769188
10	0	4983.95	1.20393
928	1	4984.25	1.22054
-796	0	4984.3	-0.0778648
-46	0	4984.65	-0.079866
-741	0	4984.75	-0.0816392
452	0	4985.35	1.2284
972	0	4985.55	1.25512
973	0	4985.7	1.22499
438	0	4986.25	1.20149
-471	0	4986.35	-0.0811778
727	0	4986.35	1.24994
448	1	4986.45	1.21391
497	1	4986.55	1.21217
215	0	4986.65	1.24289
525	0	4986.95	1.24695
104	0	4987	1.1964
-511	0	4987	-0.079882
349	0	4987.05	1.20706
652	0	4987.1	1.20812
794	0	4987.1	1.19442
433	1	4987.25	1.24329
187	0	4987.75	1.2424
-86	0	4987.8	-0.0790285
538	1	4987.85	1.22668
269	0	4987.95	1.19692
874	0	4988	1.25003
402	1	4988.05	1.1947
333	0	4988.1	1.18645
37	0	4989.4	1.21805
-986	0	4989.5	-0.0786666
379	0	4989.65	1.20281
417	0	4989.95	1.21505
14	0	4990.3	1.22922
873	1	4991.3	1.2125
599	0	4991.6	1.21055
808	0	4991.9	1.25129
-316	0	4992.3	-0.0787772
628	1	4992.3	1.25645
-811	0	4992.75	-0.0806842
-586	0	4992.85	-0.0781322
967	1	4992.85	1.26503
362	0	4992.9	1.19147
-391	0	4993.65	-0.0805533
347	0	4994.25	1.26887
613	1	4994.45	1.09516
199	1	4994.5	1.15859
994	1	4994.65	1.24972
-646	0	4994.7	-0.0767582
673	0	4995.4	1.23949
-141	0	4995.65	-0.0804131
217	0	4995.75	1.19475
292	0	4996.6	1.20993
947	1	4996.8	1.22421
329	0	4997.05	1.23244
-966	0	4997.1	-0.0772582
343	0	4997.35	1.20081
869	0	4997.35	1.23101
434	0	4997.6	1.24022
720	0	4997.75	1.07257
614	0	4998.35	1.24977
960	0	4998.4	1.2353
974	0	4998.85	1.08918
378	0	4999.85	1.19241
