-236	0	5000.7	-0.0770367
465	0	5001.15	0.946702
347	0	5003.3	0.813391
527	0	5004.05	0.810269
-521	0	5005	-0.0829154
-856	0	5006.05	-0.0847993
528	1	5006.25	0.818563
565	0	5006.45	0.943166
-416	0	5009.15	-0.0771749
530	0	5009.25	0.840201
-716	0	5009.55	-0.0809918
-916	0	5011.2	-0.0828817
635	0	5012	0.810445
-511	0	5012.4	-0.0765464
844	0	5013	0.837853
-931	0	5013.25	-0.0772379
-871	0	5014.4	-0.0783397
327	0	5015.95	0.820783
244	1	5016.5	0.89674
-656	0	5017.2	-0.0765688
678	0	5017.35	0.84114
830	0	5017.8	0.922838
663	0	5018.75	0.938817
-466	0	5019.35	-0.078827
-266	0	5019.75	-0.0767515
-356	0	5019.75	-0.0808775
-146	0	5020.45	-0.0784502
10	0	5021.15	0.985412
-261	0	5021.2	-0.0795354
-631	0	5021.55	-0.0822924
473	0	5023.25	0.964237
-371	0	5024	-0.0794672
762	0	5024.3	1.00935
-381	0	5024.85	-0.0803196
-271	0	5025.5	-0.0807645
-561	0	5025.75	-0.083055
-191	0	5026.6	-0.081492
927	0	5027.05	0.852424
734	0	5031.7	0.827687
-546	0	5031.8	-0.0830937
-686	0	5031.8	-0.0848573
-591	0	5031.85	-0.0809034
-991	0	5032.05	-0.0840959
273	0	5032.15	0.827102
2	0	5032.3	0.955143
-461	0	5033.35	-0.0829821
-906	0	5034.1	-0.0793143
-616	0	5034.35	-0.0799254
207	1	5034.75	0.832203
993	0	5035	1.00073
-186	0	5035.65	-0.0808776
54	1	5035.9	0.93886
-31	0	5036.1	-0.077346
-771	0	5036.1	-0.0785831
-901	0	5038.05	-0.0822512
-866	0	5039.8	-0.0779638
-476	0	5039.9	-0.0809996
-206	0	5040.05	-0.0804129
465	0	5040.85	0.946702
-116	0	5040.95	-0.0815336
-841	0	5041.1	-0.0812881
-676	0	5041.2	-0.078342
-61	0	5043.55	-0.0771356
-446	0	5043.85	-0.0821045
-706	0	5045.2	-0.0839082
-431	0	5045.25	-0.0798181
-6	0	5045.75	-0.0780795
-741	0	5047.6	-0.0829428
-31	0	5048.1	-0.077346
974	0	5048.1	0.841074
-96	0	5049	-0.0804835
-641	0	5050.75	-0.0794967
608	1	5051.75	0.975807
97	0	5053.7	1.00211
792	0	5054.05	0.832891
835	0	5054.2	0.825588
-291	0	5054.85	-0.0799081
-861	0	5054.85	-0.0784154
-641	0	5055.5	-0.0794967
-731	0	5056.8	-0.0811173
612	0	5057.2	0.890859
24	0	5057.6	0.971425
-91	0	5058.85	-0.0810705
887	0	5058.85	0.873118
943	1	5059.35	0.901596
953	1	5060	0.942566
-296	0	5060.6	-0.0828269
27	0	5060.85	0.863402
-36	0	5061.65	-0.0787767
189	0	5062.3	0.9458
35	1	5062.4	0.891833
-16	0	5062.7	-0.0805313
-86	0	5063.85	-0.0796585
-921	0	5064.1	-0.0788498
-1	0	5064.65	-0.0837104
197	1	5064.85	0.996389
-711	0	5065.85	-0.0787436
-126	0	5066	-0.083321
-986	0	5066.65	-0.0788605
-81	0	5070.45	-0.0847001
-616	0	5073.4	-0.0799254
-101	0	5074.2	-0.0775992
548	1	5075	0.949854
-346	0	5075.8	-0.0778186
-286	0	5076	-0.077232
-676	0	5076	-0.078342
640	0	5077.35	0.856453
532	0	5078.15	0.899915
-726	0	5078.45	-0.0786959
-171	0	5078.6	-0.0786079
-806	0	5079.25	-0.0778009
954	0	5079.95	0.93374
-66	0	5080.1	-0.0775798
364	0	5081.45	0.886098
-201	0	5081.5	-0.0813878
-366	0	5082	-0.0768923
-531	0	5083.1	-0.081802
293	0	5084.45	0.906722
-956	0	5085.4	-0.0796441
-681	0	5086.05	-0.0810801
565	0	5086.65	0.943166
585	0	5087.4	0.811092
645	0	5087.9	0.867197
-456	0	5089.75	-0.0769926
-241	0	5091.55	-0.077452
-231	0	5092.15	-0.0773968
-111	0	5096.1	-0.0845068
605	1	5097.35	1.00468
-526	0	5098.55	-0.0790562
712	1	5099.9	0.918077
408	1	5100.35	1.00722
164	0	5101.25	0.944467
263	0	5101.85	0.926977
188	0	5103.1	0.816046
-601	0	5103.6	-0.0785986
-966	0	5103.85	-0.0818855
-516	0	5104.25	-0.0815854
-796	0	5105.2	-0.0812504
-606	0	5105.85	-0.0830903
-601	0	5107.45	-0.0785986
669	0	5108.25	0.810306
683	0	5108.9	0.841815
27	0	5109.65	0.863402
-76	0	5109.85	-0.0789757
-181	0	5109.9	-0.0769785
-791	0	5112.4	-0.077511
-816	0	5113.6	-0.0816677
-406	0	5114	-0.0812778
-826	0	5114.1	-0.0793598
-926	0	5114.4	-0.0811843
529	0	5114.65	0.99215
-451	0	5114.95	-0.0844371
-651	0	5115.35	-0.0827414
-221	0	5116.1	-0.0841279
495	0	5116.2	0.999157
-246	0	5116.65	-0.0792212
262	0	5117.4	0.864437
-156	0	5118	-0.0781798
59	1	5118.1	0.96259
-46	0	5118.85	-0.0812053
849	1	5119.05	0.814637
427	0	5119.15	0.990815
784	0	5119.35	0.813713
-611	0	5119.5	-0.0772664
-976	0	5120.2	-0.0797529
618	0	5121.3	0.987122
-136	0	5121.55	-0.0849196
-451	0	5124.55	-0.0844371
825	1	5125.15	0.967381
818	1	5126.75	0.867401
197	1	5126.8	0.996389
-501	0	5127.05	-0.0796952
799	1	5127.4	0.932383
790	0	5127.7	0.932432
878	0	5128.6	0.95111
-226	0	5128.8	-0.0770133
143	1	5129.85	0.84084
678	0	5130.5	0.84114
-846	0	5130.6	-0.0777604
513	1	5130.65	0.81919
-586	0	5131.15	-0.0793965
-851	0	5131.25	-0.0782016
907	1	5132.95	0.974673
948	0	5133.3	0.952833
770	0	5133.65	0.832638
-566	0	5134.4	-0.0800418
-216	0	5136.35	-0.0834045
-756	0	5136.35	-0.0779594
-386	0	5136.4	-0.0831136
-736	0	5136.6	-0.0768452
409	0	5138.75	0.887079
77	0	5140.7	0.862175
-41	0	5142.25	-0.0829992
812	0	5143.7	0.951051
-401	0	5144.8	-0.0792779
-306	0	5145.1	-0.0846999
-31	0	5145.95	-0.077346
643	1	5146.35	0.868438
-961	0	5148.15	-0.0841584
-971	0	5148.4	-0.0823403
998	0	5148.85	0.984416
-981	0	5149.5	-0.0827686
993	0	5149.55	1.00073
-671	0	5149.65	-0.079878
-106	0	5150	-0.0831692
629	1	5151	0.879686
-241	0	5152.1	-0.077452
-556	0	5152.75	-0.0824869
-396	0	5153.05	-0.082925
-851	0	5153.3	-0.0782016
-376	0	5153.35	-0.0770137
-506	0	5159.8	-0.0771154
-551	0	5163.6	-0.0847276
215	0	5165	0.935815
400	1	5167.05	0.919902
-421	0	5167.55	-0.0794879
-636	0	5167.55	-0.0801469
-916	0	5167.95	-0.0828817
-426	0	5168.25	-0.0787633
318	0	5169.85	0.877815
-326	0	5170.2	-0.0842779
-211	0	5170.45	-0.0778001
-736	0	5171.45	-0.0768452
-666	0	5172.3	-0.0777121
554	0	5173.7	1.00152
59	1	5174.2	0.96259
655	1	5174.45	0.875406
935	0	5174.75	0.842232
365	0	5176	0.949522
-596	0	5176.55	-0.0828172
287	0	5176.9	0.834063
-906	0	5177.55	-0.0793143
-541	0	5178.2	-0.0848715
985	0	5179.45	0.963169
458	0	5185.8	0.949707
-641	0	5186.25	-0.0794967
-776	0	5186.8	-0.0789671
-446	0	5189.15	-0.0821045
-766	0	5189.75	-0.0770496
167	0	5190.35	0.913174
-141	0	5190.45	-0.0811787
-151	0	5190.95	-0.081628
994	1	5191.1	0.95837
-696	0	5191.55	-0.0805367
624	0	5191.65	0.916309
-646	0	5192.75	-0.0795682
-831	0	5193.55	-0.0797311
-876	0	5194.35	-0.0832657
-21	0	5194.75	-0.0792088
159	1	5195	0.972555
-196	0	5197.4	-0.0838449
-91	0	5198.35	-0.0810705
-116	0	5198.85	-0.0815336
-996	0	5199.15	-0.0817976
-811	0	5199.8	-0.0849019
377	0	5202.2	0.933134
-851	0	5202.7	-0.0782016
-701	0	5205.2	-0.0845138
635	0	5208.9	0.810445
547	0	5210.6	0.81026
-761	0	5210.75	-0.0797057
-456	0	5211.15	-0.0769926
-561	0	5212.35	-0.083055
697	0	5213.15	0.989814
-131	0	5214.25	-0.0772579
527	0	5214.35	0.810269
-576	0	5214.35	-0.079113
3	0	5215.45	0.823958
349	0	5215.7	0.958392
-491	0	5216.05	-0.0766208
979	0	5216.2	0.997253
-936	0	5217.35	-0.078665
-951	0	5218.85	-0.0802364
-911	0	5220.55	-0.0797632
592	1	5221.5	0.993818
975	0	5227.2	0.952153
732	0	5227.6	1.00169
-391	0	5227.85	-0.0775824
-436	0	5228.1	-0.0805416
-56	0	5228.5	-0.080435
-801	0	5231.6	-0.0809531
-896	0	5232.2	-0.0771202
212	1	5234.05	0.873597
370	0	5234.8	0.863607
165	0	5234.85	0.843739
30	0	5235.45	0.814
-571	0	5235.9	-0.0819962
-341	0	5236.15	-0.082058
-51	0	5236.8	-0.0785664
-251	0	5236.8	-0.0783681
809	1	5237.75	0.816381
182	0	5238.3	0.90848
-301	0	5239.3	-0.0846197
-881	0	5239.35	-0.0815229
2	0	5239.65	0.955143
-496	0	5239.65	-0.0798812
730	0	5240.3	0.915098
-836	0	5240.4	-0.0821486
785	1	5241.85	0.992658
859	0	5241.9	0.878448
192	0	5243	0.994457
-331	0	5244.3	-0.0841009
-321	0	5244.95	-0.0806263
487	0	5245.6	0.887032
607	0	5246.85	0.859375
707	0	5248.35	0.930142
-781	0	5249.35	-0.0830612
-511	0	5250.95	-0.0765464
-336	0	5251.05	-0.0799132
-236	0	5252.1	-0.0770367
480	0	5252.95	0.940162
-261	0	5254.65	-0.0795354
-771	0	5254.8	-0.0785831
623	0	5256.7	0.914458
-471	0	5257.5	-0.0805208
505	1	5258.95	0.881437
934	0	5258.95	0.900739
-941	0	5259	-0.081108
259	0	5260.35	0.876066
-186	0	5262.05	-0.0808776
20	0	5263.1	0.899488
825	1	5263.3	0.967381
-871	0	5263.75	-0.0783397
393	1	5266.1	0.932048
-356	0	5266.2	-0.0808775
-821	0	5266.45	-0.0847717
-276	0	5266.7	-0.0811376
-291	0	5267.65	-0.0799081
-856	0	5267.75	-0.0847993
-501	0	5268.4	-0.0796952
-626	0	5268.75	-0.0816633
-21	0	5271.9	-0.0792088
537	0	5272.4	0.923044
804	0	5273.6	0.997617
-581	0	5273.9	-0.0791856
-121	0	5274.5	-0.0835948
-366	0	5274.55	-0.0768923
897	0	5277.15	0.91518
-416	0	5278.3	-0.0771749
-441	0	5278.65	-0.0807734
994	1	5278.75	0.95837
-61	0	5278.8	-0.0771356
-546	0	5278.85	-0.0830937
480	0	5279.65	0.940162
-351	0	5279.85	-0.0771377
567	0	5280.2	0.86629
-431	0	5281.5	-0.0798181
-931	0	5282.85	-0.0772379
710	0	5283.65	0.96342
654	0	5284	0.926955
-486	0	5284.15	-0.078188
887	0	5284.3	0.873118
713	1	5284.5	0.903383
-371	0	5286.4	-0.0794672
-266	0	5286.9	-0.0767515
569	1	5287.7	0.877323
-986	0	5288.4	-0.0788605
715	1	5288.65	0.916844
-6	0	5289.15	-0.0780795
-146	0	5290.45	-0.0784502
-166	0	5290.5	-0.0765215
-691	0	5291.2	-0.0789799
-481	0	5292.2	-0.0808752
-751	0	5292.2	-0.0777958
539	1	5292.4	0.856028
-71	0	5292.65	-0.0815511
305	0	5293.45	0.954311
372	1	5294.05	0.983432
729	1	5294.95	0.834229
-381	0	5295.9	-0.0803196
624	0	5297.5	0.916309
633	0	5297.95	0.823254
-721	0	5298.55	-0.0839059
-176	0	5299	-0.0825479
724	0	5300.95	0.826115
-886	0	5301.45	-0.0784097
-26	0	5302.7	-0.0793373
-686	0	5302.7	-0.0848573
-901	0	5303.3	-0.0822512
550	0	5303.95	0.872684
-271	0	5304.5	-0.0807645
-656	0	5305.3	-0.0765688
-36	0	5305.7	-0.0787767
-621	0	5305.7	-0.0812565
-631	0	5307.8	-0.0822924
-161	0	5313.1	-0.0819921
-476	0	5313.5	-0.0809996
-201	0	5313.75	-0.0813878
-466	0	5314.3	-0.078827
288	0	5314.65	0.907296
-891	0	5315.4	-0.0837432
93	0	5316.65	0.828461
-841	0	5316.8	-0.0812881
-611	0	5319.15	-0.0772664
-681	0	5320.2	-0.0810801
-796	0	5320.4	-0.0812504
-16	0	5320.9	-0.0805313
-571	0	5321.5	-0.0819962
54	1	5322.65	0.93886
-346	0	5322.65	-0.0778186
-621	0	5327.45	-0.0812565
-861	0	5327.45	-0.0784154
-96	0	5329.6	-0.0804835
-101	0	5329.65	-0.0775992
-711	0	5330	-0.0787436
84	0	5330.25	0.92502
-536	0	5331.35	-0.0815469
-361	0	5331.95	-0.0778217
-726	0	5332.8	-0.0786959
-181	0	5336.25	-0.0769785
-286	0	5336.45	-0.077232
697	0	5336.6	0.989814
-11	0	5336.65	-0.0836125
488	0	5340.35	0.914635
998	0	5340.5	0.984416
-521	0	5340.7	-0.0829154
618	0	5341.35	0.987122
-806	0	5342.4	-0.0778009
-156	0	5342.45	-0.0781798
-76	0	5342.5	-0.0789757
84	0	5342.7	0.92502
-376	0	5343.65	-0.0770137
-466	0	5344.25	-0.078827
24	0	5347.75	0.971425
-956	0	5347.9	-0.0796441
-66	0	5348.95	-0.0775798
-126	0	5349.85	-0.083321
-171	0	5350	-0.0786079
-786	0	5350	-0.081093
-746	0	5351.85	-0.0848622
-281	0	5353.8	-0.0805367
215	0	5354.7	0.935815
290	0	5354.85	0.822351
-411	0	5355.15	-0.0843365
-316	0	5357.5	-0.0785766
828	0	5358.8	0.944294
645	0	5359.05	0.867197
-81	0	5360.05	-0.0847001
-111	0	5360.1	-0.0845068
-296	0	5360.5	-0.0828269
-826	0	5363.1	-0.0793598
-126	0	5364.1	-0.083321
-46	0	5364.65	-0.0812053
-531	0	5365.2	-0.081802
-116	0	5366.35	-0.0815336
29	0	5366.65	0.935048
-206	0	5368.1	-0.0804129
-661	0	5368.55	-0.0841155
932	0	5368.7	0.818001
330	0	5368.85	0.957832
39	0	5371.8	0.824339
-256	0	5372.45	-0.082025
138	0	5372.8	1.00346
673	0	5374.65	0.922518
778	0	5375.15	0.99903
490	1	5376.85	0.992185
750	0	5377.4	0.885412
779	0	5378.3	0.824165
-966	0	5380.2	-0.0818855
390	0	5380.35	0.909028
-591	0	5380.65	-0.0809034
-791	0	5381.05	-0.077511
-516	0	5385.75	-0.0815854
937	0	5385.8	0.894348
525	0	5386.1	0.946375
-731	0	5386.6	-0.0811173
-586	0	5389	-0.0793965
440	0	5390.2	0.866936
575	1	5391.65	1.00517
-211	0	5392.55	-0.0778001
377	0	5392.6	0.933134
-866	0	5393.05	-0.0779638
-311	0	5393.45	-0.0830507
-996	0	5395.5	-0.0817976
628	0	5395.7	0.90923
-706	0	5396.6	-0.0839082
-741	0	5398.1	-0.0829428
-231	0	5398.5	-0.0773968
-676	0	5400.45	-0.078342
-461	0	5400.5	-0.0829821
405	0	5400.65	0.885064
-426	0	5400.8	-0.0787633
-471	0	5400.95	-0.0805208
-756	0	5400.95	-0.0779594
-386	0	5401.2	-0.0831136
-926	0	5401.75	-0.0811843
910	1	5402.2	0.86947
210	1	5405.4	0.999992
855	0	5407.25	0.92893
-246	0	5407.4	-0.0792212
-51	0	5408.25	-0.0785664
-566	0	5408.55	-0.0800418
770	0	5410.95	0.832638
818	1	5412.05	0.867401
149	0	5412.75	0.978237
-276	0	5412.75	-0.0811376
714	1	5416.45	0.924849
-506	0	5416.75	-0.0771154
973	0	5416.9	0.837401
-396	0	5419.95	-0.082925
837	0	5420.95	0.857409
-666	0	5423.45	-0.0777121
-491	0	5424	-0.0766208
-221	0	5424.6	-0.0841279
-136	0	5425	-0.0849196
-846	0	5425	-0.0777604
-406	0	5425.45	-0.0812778
419	1	5427.1	0.831719
355	1	5429.05	0.882907
513	1	5430.45	0.81919
-166	0	5431.75	-0.0765215
-776	0	5433.1	-0.0789671
904	0	5433.3	0.853684
-246	0	5433.55	-0.0792212
874	0	5433.65	0.921917
-981	0	5433.8	-0.0827686
-541	0	5434.15	-0.0848715
949	0	5435.4	0.880361
642	0	5436.85	0.888186
719	0	5439.65	0.907597
-816	0	5440.9	-0.0816677
119	0	5441.35	0.92566
-921	0	5441.85	-0.0788498
-761	0	5442.15	-0.0797057
-191	0	5442.65	-0.081492
183	0	5443.25	0.869128
-601	0	5444.4	-0.0785986
-991	0	5445.5	-0.0840959
-526	0	5446.85	-0.0790562
944	0	5447.35	0.957776
-41	0	5448.85	-0.0829992
-606	0	5450.65	-0.0830903
-801	0	5452.4	-0.0809531
920	1	5452.45	1.00565
799	1	5452.55	0.932383
564	1	5452.7	0.904276
-616	0	5454.5	-0.0799254
40	0	5454.75	0.860899
-131	0	5457.1	-0.0772579
-141	0	5457.1	-0.0811787
622	0	5457.55	0.862754
-651	0	5458.4	-0.0827414
423	0	5461.1	0.974611
682	0	5461.8	0.876959
200	0	5461.85	0.958303
-391	0	5462.85	-0.0775824
-766	0	5463.3	-0.0770496
-671	0	5464.4	-0.079878
-871	0	5465.25	-0.0783397
788	0	5465.7	0.810617
855	0	5465.75	0.92893
-161	0	5465.9	-0.0819921
477	0	5469.9	1.0061
325	1	5471.2	0.932065
-876	0	5471.6	-0.0832657
-421	0	5471.9	-0.0794879
-716	0	5471.95	-0.0809918
-241	0	5472.1	-0.077452
-831	0	5472.4	-0.0797311
-771	0	5472.65	-0.0785831
-61	0	5473.3	-0.0771356
-976	0	5473.85	-0.0797529
418	0	5474.65	0.888905
892	0	5475.4	0.999409
-196	0	5475.45	-0.0838449
760	0	5476.55	0.917474
-961	0	5479.45	-0.0841584
-306	0	5479.9	-0.0846999
29	0	5480	0.935048
-56	0	5480.3	-0.080435
-326	0	5483.05	-0.0842779
-216	0	5484.8	-0.0834045
-946	0	5485.55	-0.083348
584	0	5486.95	0.948858
-636	0	5488.1	-0.0801469
-811	0	5489.1	-0.0849019
398	0	5489.55	0.916688
230	0	5489.9	0.955367
-401	0	5490.95	-0.0792779
-936	0	5491.05	-0.078665
-646	0	5491.2	-0.0795682
79	0	5492.05	0.980386
-696	0	5492.85	-0.0805367
-941	0	5493.5	-0.081108
-556	0	5497.3	-0.0824869
668	0	5497.65	0.959752
-31	0	5498.5	-0.077346
419	1	5498.65	0.831719
-86	0	5498.95	-0.0796585
-321	0	5499.05	-0.0806263
18	0	5502.55	0.96446
-511	0	5502.9	-0.0765464
-971	0	5502.95	-0.0823403
-896	0	5504.4	-0.0771202
798	0	5504.7	0.881122
-736	0	5505.5	-0.0768452
7	1	5505.9	0.909041
828	0	5506.1	0.944294
-431	0	5507.65	-0.0798181
-951	0	5509.4	-0.0802364
417	0	5509.85	0.971253
-446	0	5510.05	-0.0821045
145	1	5510.15	0.962773
788	0	5512.25	0.810617
-941	0	5513	-0.081108
-936	0	5513.1	-0.078665
-266	0	5513.85	-0.0767515
-291	0	5514.4	-0.0799081
-151	0	5514.5	-0.081628
719	0	5514.65	0.907597
-236	0	5515.2	-0.0770367
-456	0	5515.35	-0.0769926
-596	0	5515.4	-0.0828172
-656	0	5515.5	-0.0765688
-106	0	5515.7	-0.0831692
-436	0	5515.7	-0.0805416
25	0	5517.2	0.827243
600	0	5517.4	0.968586
-1	0	5517.45	-0.0837104
-911	0	5519.7	-0.0797632
-931	0	5520.9	-0.0772379
665	0	5521.35	0.966477
-836	0	5522.95	-0.0821486
30	0	5523.85	0.814
-551	0	5524.55	-0.0847276
-226	0	5524.7	-0.0770133
-956	0	5525.2	-0.0796441
787	0	5525.45	0.859923
700	0	5529	0.954879
-456	0	5530.75	-0.0769926
-751	0	5530.8	-0.0777958
-86	0	5531.5	-0.0796585
247	0	5532.85	0.940889
-121	0	5534	-0.0835948
659	0	5537.55	0.903358
328	1	5537.7	0.879155
-96	0	5538.15	-0.0804835
-776	0	5539.6	-0.0789671
865	0	5539.85	0.88664
-856	0	5540.45	-0.0847993
32	0	5541.55	0.970691
-16	0	5542.05	-0.0805313
-546	0	5543.85	-0.0830937
-906	0	5544.8	-0.0793143
-331	0	5544.9	-0.0841009
-496	0	5545.75	-0.0798812
-701	0	5546.25	-0.0845138
903	1	5548.15	0.836678
-171	0	5548.3	-0.0786079
-6	0	5548.6	-0.0780795
-336	0	5548.7	-0.0799132
-371	0	5549.1	-0.0794672
-381	0	5550.15	-0.0803196
-416	0	5550.25	-0.0771749
129	0	5550.75	0.964599
-286	0	5551.4	-0.077232
-861	0	5551.7	-0.0784154
-261	0	5551.8	-0.0795354
-611	0	5552.1	-0.0772664
-356	0	5552.25	-0.0808775
-156	0	5553.25	-0.0781798
-321	0	5553.6	-0.0806263
-781	0	5554.75	-0.0830612
587	0	5555.45	0.997733
258	0	5555.5	1.00843
265	0	5556.5	0.955727
163	0	5556.8	0.857542
-146	0	5557.55	-0.0784502
718	0	5558.8	0.888821
-986	0	5559.35	-0.0788605
-36	0	5559.5	-0.0787767
434	0	5559.55	1.00759
-626	0	5561.7	-0.0816633
402	1	5562.75	0.924285
-486	0	5563.65	-0.078188
623	0	5564.5	0.914458
-451	0	5564.75	-0.0844371
-641	0	5565.2	-0.0794967
-711	0	5565.7	-0.0787436
274	0	5566.8	0.913434
-271	0	5566.85	-0.0807645
699	1	5568.45	0.952814
-901	0	5569.15	-0.0822512
773	0	5569.75	0.868816
252	0	5572.75	0.946837
-631	0	5572.9	-0.0822924
-841	0	5576.05	-0.0812881
-91	0	5576.2	-0.0810705
-441	0	5576.3	-0.0807734
-351	0	5577.65	-0.0771377
-101	0	5577.9	-0.0775992
422	1	5578.45	0.852424
-181	0	5578.6	-0.0769785
935	0	5579.35	0.842232
900	1	5580.45	0.990817
913	1	5580.55	0.853643
590	0	5580.85	0.85192
180	1	5582.35	0.889155
-296	0	5583.05	-0.0828269
123	1	5583.2	0.825559
-881	0	5584.1	-0.0815229
-501	0	5584.35	-0.0796952
-201	0	5584.95	-0.0813878
47	1	5585.05	0.970499
-76	0	5585.85	-0.0789757
-66	0	5586.45	-0.0775798
190	0	5586.5	0.943546
-81	0	5587.25	-0.0847001
282	0	5587.35	0.864616
-691	0	5587.9	-0.0789799
539	1	5588.35	0.856028
-121	0	5589.95	-0.0835948
608	1	5590.2	0.975807
-726	0	5590.95	-0.0786959
-891	0	5591	-0.0837432
-806	0	5592	-0.0778009
-346	0	5592.35	-0.0778186
510	0	5594.25	0.833229
8	0	5594.65	0.857343
889	0	5596	0.949556
487	0	5596.05	0.887032
-576	0	5596.75	-0.079113
-926	0	5596.9	-0.0811843
-666	0	5597	-0.0777121
-826	0	5597.1	-0.0793598
847	0	5597.65	0.89812
433	1	5600.55	0.932481
-681	0	5600.7	-0.0810801
-21	0	5602.85	-0.0792088
-916	0	5603.1	-0.0828817
967	0	5603.7	0.987165
-46	0	5604.65	-0.0812053
-561	0	5605.55	-0.083055
415	0	5607.9	0.998136
744	1	5609.05	0.931703
408	1	5610.05	1.00722
104	0	5610.65	0.986771
462	0	5612.25	0.952894
260	0	5612.35	0.904282
-931	0	5612.95	-0.0772379
-246	0	5613.3	-0.0792212
-786	0	5616.3	-0.081093
588	0	5616.75	0.955158
-376	0	5620.45	-0.0770137
-176	0	5620.5	-0.0825479
379	0	5621.3	0.983622
909	0	5621.6	0.979709
-886	0	5626.35	-0.0784097
244	1	5626.45	0.89674
344	0	5626.65	0.871376
225	1	5626.9	0.847846
-341	0	5627.3	-0.082058
-586	0	5628.15	-0.0793965
118	0	5628.35	0.838067
-301	0	5628.35	-0.0846197
622	0	5629.05	0.862754
-481	0	5629.65	-0.0808752
-851	0	5630	-0.0782016
69	0	5630.1	0.972429
-756	0	5630.65	-0.0779594
-206	0	5631.3	-0.0804129
544	0	5631.7	0.819106
295	0	5632.25	0.925433
-806	0	5633.15	-0.0778009
-676	0	5633.45	-0.078342
-476	0	5635.35	-0.0809996
-366	0	5636.85	-0.0768923
859	0	5636.9	0.878448
-211	0	5637	-0.0778001
603	0	5637.65	0.87811
984	0	5638.05	0.875892
-536	0	5640.45	-0.0815469
227	0	5640.55	0.975682
-316	0	5641.6	-0.0785766
-361	0	5642.5	-0.0778217
-686	0	5642.55	-0.0848573
274	0	5643.5	0.913434
-531	0	5644.35	-0.081802
992	0	5647.6	0.847125
750	0	5647.7	0.885412
-256	0	5648.3	-0.082025
-491	0	5648.85	-0.0766208
-821	0	5648.85	-0.0847717
-426	0	5650.15	-0.0787633
297	1	5651	0.986137
-456	0	5651.5	-0.0769926
695	0	5653	0.971961
209	0	5653.3	0.845216
-506	0	5653.9	-0.0771154
243	0	5654.25	0.998823
288	0	5654.7	0.907296
-111	0	5654.8	-0.0845068
-611	0	5655.3	-0.0772664
-281	0	5656.6	-0.0805367
-791	0	5657.75	-0.077511
-486	0	5658.4	-0.078188
-11	0	5658.45	-0.0836125
64	0	5658.45	0.942817
133	0	5659.1	0.990045
-641	0	5659.15	-0.0794967
-231	0	5659.5	-0.0773968
923	0	5660.3	1.0036
-251	0	5664.5	-0.0783681
-521	0	5664.55	-0.0829154
-871	0	5666	-0.0783397
-186	0	5667.6	-0.0808776
318	0	5667.7	0.877815
-746	0	5668.7	-0.0848622
719	0	5669.75	0.907597
257	0	5669.95	0.958877
-626	0	5671.65	-0.0816633
-566	0	5671.9	-0.0800418
789	0	5672	0.844626
-721	0	5672.3	-0.0839059
720	1	5673.65	0.983782
-516	0	5676.7	-0.0815854
-386	0	5679.3	-0.0831136
608	1	5681.55	0.975807
879	1	5682.65	0.858062
-581	0	5683.45	-0.0791856
472	1	5683.5	0.967879
-531	0	5685.8	-0.081802
698	0	5686.5	0.917711
-701	0	5688.7	-0.0845138
2	0	5689.8	0.955143
-406	0	5690	-0.0812778
-966	0	5691.45	-0.0818855
-771	0	5692	-0.0785831
-741	0	5692.1	-0.0829428
-411	0	5694	-0.0843365
8	0	5695	0.857343
-436	0	5695.3	-0.0805416
-391	0	5697.2	-0.0775824
739	1	5697.75	0.991462
514	1	5699.65	1.00778
170	0	5699.7	0.984698
-131	0	5699.8	-0.0772579
-241	0	5699.85	-0.077452
283	0	5700.4	0.95034
432	1	5702.45	0.966538
845	0	5702.6	0.841362
537	0	5703.55	0.923044
-71	0	5705.45	-0.0815511
65	0	5708.1	0.994229
-591	0	5708.9	-0.0809034
102	1	5710.1	0.926484
-846	0	5710.9	-0.0777604
-26	0	5713.15	-0.0793373
724	0	5714.45	0.826115
849	1	5716.75	0.814637
-136	0	5718.95	-0.0849196
-696	0	5719.4	-0.0805367
-731	0	5724.05	-0.0811173
494	0	5725.95	0.990202
-661	0	5726.45	-0.0841155
-761	0	5727.1	-0.0797057
149	0	5727.4	0.978237
924	0	5727.8	0.853372
-796	0	5728.15	-0.0812504
-156	0	5728.6	-0.0781798
-656	0	5728.7	-0.0765688
-921	0	5730.35	-0.0788498
-751	0	5730.45	-0.0777958
-976	0	5732.65	-0.0797529
-601	0	5732.75	-0.0785986
-866	0	5733.35	-0.0779638
-831	0	5734.1	-0.0797311
993	0	5734.55	1.00073
267	1	5735.25	0.938209
-401	0	5735.7	-0.0792779
-221	0	5737.3	-0.0841279
-571	0	5737.65	-0.0819962
169	0	5737.8	0.960601
960	0	5739.25	0.84097
-466	0	5739.45	-0.078827
-196	0	5740.1	-0.0838449
-646	0	5740.15	-0.0795682
843	1	5741.35	0.969943
-471	0	5741.7	-0.0805208
-981	0	5744.2	-0.0827686
-51	0	5744.9	-0.0785664
95	1	5745.85	0.893241
-526	0	5746.6	-0.0790562
432	1	5747.05	0.966538
-511	0	5748.15	-0.0765464
-616	0	5748.3	-0.0799254
-896	0	5749.65	-0.0771202
-621	0	5751.85	-0.0812565
-986	0	5753.05	-0.0788605
-116	0	5753.5	-0.0815336
-56	0	5757.45	-0.080435
-266	0	5757.55	-0.0767515
522	0	5757.8	0.93979
429	0	5758.1	0.997286
-236	0	5758.7	-0.0770367
865	0	5759.4	0.88664
-131	0	5760.65	-0.0772579
-461	0	5760.7	-0.0829821
180	1	5761.2	0.889155
390	0	5761.35	0.909028
-816	0	5761.85	-0.0816677
-31	0	5762.2	-0.077346
170	0	5763.1	0.984698
-276	0	5764.8	-0.0811376
-396	0	5765.2	-0.082925
-736	0	5766.5	-0.0768452
-1	0	5767.2	-0.0837104
-876	0	5767.35	-0.0832657
-766	0	5767.85	-0.0770496
97	0	5767.9	1.00211
-141	0	5770.85	-0.0811787
775	1	5771.1	0.83246
-91	0	5771.3	-0.0810705
-811	0	5772.05	-0.0849019
22	1	5773.4	0.886431
-911	0	5773.7	-0.0797632
-711	0	5774.25	-0.0787436
-706	0	5774.5	-0.0839082
-286	0	5775.05	-0.077232
-146	0	5775.3	-0.0784502
-226	0	5775.5	-0.0770133
-191	0	5776.05	-0.081492
-976	0	5776.1	-0.0797529
-36	0	5776.35	-0.0787767
765	0	5777.65	0.961363
25	0	5778.3	0.827243
-311	0	5779	-0.0830507
-971	0	5779.05	-0.0823403
-371	0	5779.5	-0.0794672
-16	0	5780.45	-0.0805313
-856	0	5780.5	-0.0847993
923	0	5781.2	1.0036
-671	0	5781.35	-0.079878
-356	0	5782.65	-0.0808775
-621	0	5783.2	-0.0812565
-381	0	5783.4	-0.0803196
-181	0	5784.4	-0.0769785
-541	0	5785.3	-0.0848715
402	1	5786	0.924285
-861	0	5787	-0.0784154
-606	0	5787.5	-0.0830903
-446	0	5788.45	-0.0821045
-166	0	5788.7	-0.0765215
568	0	5789.1	0.858601
573	0	5790.65	0.908147
-416	0	5791.5	-0.0771749
937	0	5791.6	0.894348
-421	0	5791.75	-0.0794879
-496	0	5791.8	-0.0798812
543	1	5793.35	0.993286
-846	0	5795.7	-0.0777604
-826	0	5797.6	-0.0793598
-951	0	5797.7	-0.0802364
550	0	5798.95	0.872684
24	0	5799.15	0.971425
508	0	5799.3	0.886812
-866	0	5799.55	-0.0779638
-6	0	5801.65	-0.0780795
-41	0	5802.45	-0.0829992
-336	0	5802.75	-0.0799132
-261	0	5803.2	-0.0795354
-676	0	5805.8	-0.078342
-271	0	5805.9	-0.0807645
-906	0	5806	-0.0793143
-96	0	5807.75	-0.0804835
-61	0	5811.15	-0.0771356
-596	0	5811.25	-0.0828172
-76	0	5811.75	-0.0789757
-101	0	5812.7	-0.0775992
-501	0	5813.1	-0.0796952
-996	0	5820.1	-0.0817976
-961	0	5820.2	-0.0841584
-126	0	5820.9	-0.083321
-351	0	5821.15	-0.0771377
-951	0	5821.45	-0.0802364
-151	0	5823.85	-0.081628
-576	0	5824.15	-0.079113
10	0	5824.75	0.985412
588	0	5824.9	0.955158
-936	0	5825.2	-0.078665
-46	0	5825.4	-0.0812053
425	0	5827.7	0.927215
-291	0	5828.2	-0.0799081
-636	0	5828.2	-0.0801469
887	0	5832.55	0.873118
579	0	5833.05	0.962893
204	0	5833.1	0.917395
-821	0	5834.45	-0.0847717
-546	0	5834.9	-0.0830937
334	0	5837.75	0.908059
359	1	5839.35	0.966648
527	0	5841.7	0.810269
-491	0	5843.7	-0.0766208
-451	0	5843.85	-0.0844371
-326	0	5845.15	-0.0842779
200	0	5845.2	0.958303
-411	0	5845.95	-0.0843365
-486	0	5846.65	-0.078188
963	1	5849.85	0.9193
-776	0	5851.4	-0.0789671
-431	0	5854.15	-0.0798181
-681	0	5854.65	-0.0810801
109	0	5855.3	0.899187
657	0	5856.05	0.906827
-491	0	5857.6	-0.0766208
-426	0	5858.35	-0.0787633
930	0	5861	1.00986
645	0	5861.3	0.867197
655	1	5861.55	0.875406
-726	0	5861.95	-0.0786959
-986	0	5862.5	-0.0788605
-376	0	5863.3	-0.0770137
-901	0	5864	-0.0822512
-801	0	5864.1	-0.0809531
-726	0	5866.2	-0.0786959
612	0	5866.25	0.890859
-991	0	5867	-0.0840959
772	0	5868.25	0.939431
-861	0	5868.35	-0.0784154
24	0	5870.3	0.971425
729	1	5870.55	0.834229
533	0	5870.75	0.828634
-171	0	5872.05	-0.0786079
-531	0	5872.85	-0.081802
-441	0	5873.2	-0.0807734
469	0	5875.1	0.898455
-446	0	5875.75	-0.0821045
-201	0	5876.2	-0.0813878
749	0	5877.75	0.951959
299	0	5877.95	1.00984
-631	0	5878.15	-0.0822924
109	0	5880.25	0.899187
-346	0	5880.8	-0.0778186
-881	0	5881.7	-0.0815229
995	1	5882.35	0.833522
-591	0	5882.55	-0.0809034
-906	0	5882.85	-0.0793143
-296	0	5883.2	-0.0828269
-66	0	5884	-0.0775798
-956	0	5885.65	-0.0796441
-691	0	5885.8	-0.0789799
-786	0	5885.95	-0.081093
107	0	5887.15	1.0032
-976	0	5887.2	-0.0797529
-841	0	5887.85	-0.0812881
628	0	5889.45	0.90923
467	0	5890.25	0.826128
907	1	5892.2	0.974673
627	0	5892.95	0.813603
544	0	5893.35	0.819106
444	1	5893.65	0.924781
-771	0	5894.8	-0.0785831
315	0	5895.45	0.97762
-916	0	5895.65	-0.0828817
927	0	5896.6	0.852424
715	1	5897.1	0.916844
84	0	5897.6	0.92502
-886	0	5898.35	-0.0784097
-651	0	5899.45	-0.0827414
-716	0	5899.65	-0.0809918
64	0	5900.75	0.942817
958	1	5901.05	0.912066
-211	0	5901.35	-0.0778001
3	0	5901.75	0.823958
518	1	5904.85	0.982078
-366	0	5905.75	-0.0768923
-106	0	5906.55	-0.0831692
-506	0	5907.7	-0.0771154
-871	0	5907.7	-0.0783397
-476	0	5908.1	-0.0809996
-781	0	5908.1	-0.0830612
-491	0	5908.4	-0.0766208
-891	0	5908.55	-0.0837432
-76	0	5909.15	-0.0789757
-791	0	5909.25	-0.077511
580	0	5910.2	0.926721
-586	0	5910.45	-0.0793965
598	0	5911.8	0.940507
45	0	5912.9	0.900439
-791	0	5916.75	-0.077511
-316	0	5917.95	-0.0785766
359	1	5918.75	0.966648
669	0	5918.85	0.810306
-361	0	5919.15	-0.0778217
-561	0	5919.15	-0.083055
-16	0	5920.85	-0.0805313
738	0	5920.85	0.970914
772	0	5925.15	0.939431
343	0	5927.55	0.96644
-991	0	5928.1	-0.0840959
-481	0	5929.15	-0.0808752
-406	0	5930.55	-0.0812778
-871	0	5931	-0.0783397
-101	0	5931.05	-0.0775992
198	0	5932.3	0.8383
-551	0	5932.75	-0.0847276
833	0	5933.2	0.915051
-391	0	5933.35	-0.0775824
-931	0	5934.05	-0.0772379
-666	0	5934.15	-0.0777121
509	0	5935.7	0.884654
-556	0	5937.1	-0.0824869
439	0	5939.35	0.874229
-241	0	5939.9	-0.077452
-836	0	5940.15	-0.0821486
470	1	5941.8	0.923877
-656	0	5943.5	-0.0765688
-621	0	5943.75	-0.0812565
532	0	5946.6	0.899915
-851	0	5946.85	-0.0782016
383	0	5948.4	0.962797
415	0	5948.55	0.998136
-206	0	5950.7	-0.0804129
-176	0	5951.2	-0.0825479
292	0	5952.2	0.91792
-321	0	5952.35	-0.0806263
-86	0	5954.8	-0.0796585
845	0	5954.95	0.841362
-926	0	5955.6	-0.0811843
458	0	5956.3	0.949707
28	0	5956.95	0.865768
-546	0	5957.5	-0.0830937
248	0	5957.7	0.863298
887	0	5959.4	0.873118
563	0	5960.55	0.942867
-21	0	5960.65	-0.0792088
-941	0	5961.5	-0.081108
-216	0	5961.85	-0.0834045
273	0	5962.55	0.827102
365	0	5964.9	0.949522
65	0	5965.6	0.994229
-111	0	5966.5	-0.0845068
299	0	5967.35	1.00984
917	0	5969.3	0.840992
-186	0	5969.65	-0.0808776
-516	0	5971.4	-0.0815854
-611	0	5971.7	-0.0772664
-401	0	5972.15	-0.0792779
-536	0	5972.9	-0.0815469
-386	0	5973.55	-0.0831136
-281	0	5973.75	-0.0805367
-796	0	5974.55	-0.0812504
-471	0	5977.9	-0.0805208
-736	0	5979.05	-0.0768452
-806	0	5979.25	-0.0778009
657	0	5980.55	0.906827
999	0	5980.55	0.959938
-51	0	5980.65	-0.0785664
-756	0	5981.35	-0.0779594
592	1	5982	0.993818
-11	0	5984.65	-0.0836125
-476	0	5985.8	-0.0809996
-896	0	5986.85	-0.0771202
638	1	5987	0.951095
-621	0	5988.25	-0.0812565
-421	0	5988.75	-0.0794879
504	0	5989.05	0.831024
855	0	5989.35	0.92893
-456	0	5989.6	-0.0769926
-921	0	5992.8	-0.0788498
144	0	5993.2	0.988226
-751	0	5993.55	-0.0777958
663	0	5993.65	0.938817
903	1	5995.25	0.836678
-81	0	5996.1	-0.0847001
-251	0	5996.1	-0.0783681
14	0	5996.55	0.834542
672	0	5997.1	0.875326
34	0	5998.15	0.927989
-656	0	5998.35	-0.0765688
-121	0	5998.6	-0.0835948
990	0	5999.1	0.992478
-26	0	6000.65	-0.0793373
-646	0	6001.75	-0.0795682
705	0	6001.8	0.822076
-566	0	6001.85	-0.0800418
47	1	6001.95	0.970499
235	0	6002.15	0.916015
830	0	6003.9	0.922838
605	1	6004.5	1.00468
200	0	6004.95	0.958303
-436	0	6006.45	-0.0805416
565	0	6008.1	0.943166
-826	0	6008.4	-0.0793598
-511	0	6009.65	-0.0765464
-686	0	6010.15	-0.0848573
-501	0	6010.55	-0.0796952
-161	0	6011.15	-0.0819921
819	0	6011.55	0.85899
682	0	6012.3	0.876959
-581	0	6012.5	-0.0791856
-196	0	6012.55	-0.0838449
244	1	6012.95	0.89674
-31	0	6013.7	-0.077346
457	0	6014.6	0.865008
540	0	6014.8	0.893659
-301	0	6017.55	-0.0846197
-711	0	6018.7	-0.0787436
-371	0	6020.1	-0.0794672
-246	0	6020.15	-0.0792212
-746	0	6020.6	-0.0848622
887	0	6023.55	0.873118
-571	0	6023.6	-0.0819962
-226	0	6024.1	-0.0770133
-36	0	6024.35	-0.0787767
-616	0	6025.6	-0.0799254
-116	0	6027.05	-0.0815336
-466	0	6027.35	-0.078827
-391	0	6027.75	-0.0775824
304	1	6028.4	0.887357
-341	0	6028.55	-0.082058
-71	0	6029.45	-0.0815511
985	0	6030.45	0.963169
-141	0	6030.7	-0.0811787
-761	0	6031.3	-0.0797057
-266	0	6031.6	-0.0767515
-526	0	6032	-0.0790562
-341	0	6032.15	-0.082058
-966	0	6032.4	-0.0818855
-831	0	6032.9	-0.0797311
-56	0	6033.75	-0.080435
-766	0	6034.05	-0.0770496
-6	0	6035.1	-0.0780795
-61	0	6036	-0.0771356
-971	0	6037.35	-0.0823403
-261	0	6037.65	-0.0795354
-271	0	6037.85	-0.0807645
759	0	6038	1.00731
144	0	6038.5	0.988226
978	1	6038.9	0.921019
-356	0	6039.1	-0.0808775
-856	0	6039.5	-0.0847993
-291	0	6039.8	-0.0799081
-91	0	6040.65	-0.0810705
-601	0	6041.1	-0.0785986
-331	0	6041.35	-0.0841009
-731	0	6042.9	-0.0811173
313	0	6043.65	0.820584
-521	0	6044.15	-0.0829154
-871	0	6045.7	-0.0783397
585	0	6045.95	0.811092
692	0	6046.15	0.901557
-136	0	6047.55	-0.0849196
-166	0	6047.8	-0.0765215
-231	0	6047.8	-0.0773968
-306	0	6048.45	-0.0846999
-146	0	6048.65	-0.0784502
488	0	6048.85	0.914635
958	1	6050.35	0.912066
-496	0	6051.05	-0.0798812
-381	0	6051.7	-0.0803196
-451	0	6051.7	-0.0844371
-981	0	6052.05	-0.0827686
803	0	6052.1	0.946414
-276	0	6053.05	-0.0811376
164	0	6053.15	0.944467
528	1	6053.45	0.818563
995	1	6054.6	0.833522
497	0	6054.8	0.965154
480	0	6055.6	0.940162
814	0	6055.75	0.825176
-181	0	6059.15	-0.0769785
-236	0	6061.75	-0.0770367
35	1	6062	0.891833
-156	0	6062.9	-0.0781798
-576	0	6063.15	-0.079113
-416	0	6063.25	-0.0771749
-936	0	6065	-0.078665
462	0	6065.1	0.952894
488	0	6066.4	0.914635
-46	0	6066.55	-0.0812053
-611	0	6067.1	-0.0772664
-816	0	6067.6	-0.0816677
-596	0	6069.4	-0.0828172
-286	0	6071	-0.077232
-671	0	6071.05	-0.079878
804	0	6071.85	0.997617
-911	0	6072.9	-0.0797632
-641	0	6073.2	-0.0794967
-11	0	6073.45	-0.0836125
-221	0	6075.85	-0.0841279
-721	0	6076.5	-0.0839059
-776	0	6076.7	-0.0789671
-811	0	6076.8	-0.0849019
32	0	6079.6	0.970691
-376	0	6080.5	-0.0770137
624	0	6080.75	0.916309
742	1	6080.95	0.994063
285	0	6081.15	1.00374
-86	0	6083.6	-0.0796585
-706	0	6084.25	-0.0839082
503	0	6087.65	0.829865
79	0	6089.5	0.980386
719	0	6090.15	0.907597
815	1	6092	0.810701
27	0	6093.95	0.863402
-131	0	6094.9	-0.0772579
-96	0	6096.05	-0.0804835
-336	0	6097.65	-0.0799132
-256	0	6099.05	-0.082025
188	0	6101.7	0.816046
-136	0	6101.8	-0.0849196
489	0	6101.9	0.835577
104	0	6101.95	0.986771
53	1	6105	0.84374
563	0	6105.55	0.942867
-191	0	6107.4	-0.081492
-946	0	6110.55	-0.083348
569	1	6111.95	0.877323
-41	0	6113.2	-0.0829992
-736	0	6114	-0.0768452
830	0	6114	0.922838
-151	0	6115.85	-0.081628
618	0	6116.45	0.987122
682	0	6116.85	0.876959
-426	0	6117.7	-0.0787633
54	1	6118.6	0.93886
-21	0	6119	-0.0792088
620	1	6119.5	0.957391
-396	0	6121.2	-0.082925
-191	0	6121.5	-0.081492
382	0	6121.85	0.896881
-876	0	6122.55	-0.0832657
809	1	6124.65	0.816381
563	0	6125.8	0.942867
840	0	6126.6	0.890916
-996	0	6126.65	-0.0817976
-126	0	6126.7	-0.083321
393	1	6127.1	0.932048
218	0	6127.9	0.909075
-631	0	6128.15	-0.0822924
747	0	6128.25	0.906479
543	1	6129.3	0.993286
-461	0	6130.4	-0.0829821
358	0	6130.5	0.972493
-431	0	6131.9	-0.0798181
-391	0	6131.95	-0.0775824
-696	0	6133.85	-0.0805367
425	0	6134	0.927215
-771	0	6134.6	-0.0785831
87	1	6136.6	0.987097
-66	0	6140.1	-0.0775798
-521	0	6140.35	-0.0829154
918	1	6141.15	0.9265
437	0	6141.85	0.843332
165	0	6146.4	0.843739
-686	0	6146.4	-0.0848573
-626	0	6147	-0.0816633
-636	0	6147.25	-0.0801469
980	1	6148.55	0.830647
-211	0	6150.8	-0.0778001
-876	0	6151.15	-0.0832657
-786	0	6151.7	-0.081093
-476	0	6152.15	-0.0809996
-606	0	6154.05	-0.0830903
104	0	6154.25	0.986771
-691	0	6156	-0.0789799
983	1	6156	0.906765
909	0	6157.3	0.979709
-506	0	6158.85	-0.0771154
179	0	6159.3	0.925596
-986	0	6159.9	-0.0788605
-676	0	6160.25	-0.078342
478	0	6160.45	0.893287
767	0	6160.6	0.902395
-561	0	6161.25	-0.083055
-666	0	6163	-0.0777121
727	0	6163.75	0.965914
-366	0	6164.3	-0.0768923
814	0	6164.3	0.825176
-956	0	6165.05	-0.0796441
-171	0	6170.6	-0.0786079
-931	0	6171.4	-0.0772379
-1	0	6171.5	-0.0837104
-741	0	6172.7	-0.0829428
194	0	6173.25	0.90483
330	0	6173.35	0.957832
798	0	6174.75	0.881122
-901	0	6175.65	-0.0822512
-846	0	6175.95	-0.0777604
-346	0	6178.1	-0.0778186
-916	0	6178.9	-0.0828817
-661	0	6179.7	-0.0841155
300	0	6179.75	0.847853
-491	0	6179.9	-0.0766208
-951	0	6180.35	-0.0802364
622	0	6181.55	0.862754
-311	0	6181.9	-0.0830507
-681	0	6181.95	-0.0810801
584	0	6182.85	0.948858
-726	0	6184.1	-0.0786959
-881	0	6185.75	-0.0815229
-841	0	6187.75	-0.0812881
-241	0	6187.8	-0.077452
935	0	6188.05	0.842232
384	0	6188.65	0.833295
-326	0	6192.35	-0.0842779
-886	0	6192.35	-0.0784097
-701	0	6192.4	-0.0845138
1000	1	6193.15	0.951631
-201	0	6193.8	-0.0813878
-781	0	6194.65	-0.0830612
477	0	6195.55	1.0061
-296	0	6195.6	-0.0828269
957	0	6197.75	0.962785
707	0	6198.1	0.930142
713	1	6198.25	0.903383
838	0	6198.25	0.965603
887	0	6198.7	0.873118
755	0	6199.7	0.982189
-801	0	6200.05	-0.0809531
-486	0	6201.5	-0.078188
-351	0	6202.65	-0.0771377
-406	0	6204.25	-0.0812778
620	1	6207.8	0.957391
678	0	6208.15	0.84114
-501	0	6209.15	-0.0796952
-941	0	6209.45	-0.081108
-471	0	6209.95	-0.0805208
-401	0	6211.1	-0.0792779
-751	0	6211.15	-0.0777958
-446	0	6211.75	-0.0821045
962	0	6211.85	0.904341
-586	0	6212.1	-0.0793965
-206	0	6212.15	-0.0804129
-891	0	6212.15	-0.0837432
745	0	6212.75	0.81868
42	0	6214.05	0.837785
-836	0	6214.95	-0.0821486
707	0	6215.45	0.930142
-76	0	6216.25	-0.0789757
777	0	6216.6	0.839708
273	0	6218.15	0.827102
-441	0	6218.2	-0.0807734
244	1	6219.2	0.89674
917	0	6219.6	0.840992
624	0	6221.25	0.916309
-456	0	6222.1	-0.0769926
79	0	6222.25	0.980386
-186	0	6222.5	-0.0808776
-866	0	6224.6	-0.0779638
-896	0	6225.15	-0.0771202
-531	0	6225.95	-0.081802
223	0	6227.3	0.841709
-361	0	6227.95	-0.0778217
490	1	6228.6	0.992185
434	0	6229.85	1.00759
-241	0	6231.35	-0.077452
-806	0	6231.65	-0.0778009
-861	0	6231.75	-0.0784154
-926	0	6233.2	-0.0811843
-436	0	6233.95	-0.0805416
662	0	6234.3	1.00985
-421	0	6235.05	-0.0794879
27	0	6235.1	0.863402
-516	0	6235.45	-0.0815854
130	0	6237.1	0.991492
-31	0	6237.3	-0.077346
-936	0	6237.95	-0.078665
844	0	6242.3	0.837853
-716	0	6243.1	-0.0809918
-51	0	6243.35	-0.0785664
-86	0	6245.2	-0.0796585
649	0	6245.75	0.914423
-121	0	6246.9	-0.0835948
-906	0	6247.25	-0.0793143
-921	0	6248.1	-0.0788498
-961	0	6248.8	-0.0841584
-396	0	6249.75	-0.082925
-36	0	6250.15	-0.0787767
-566	0	6250.4	-0.0800418
865	0	6250.55	0.88664
834	0	6251.5	0.889806
-756	0	6252	-0.0779594
287	0	6252.7	0.834063
504	0	6252.95	0.831024
-711	0	6254.8	-0.0787436
-481	0	6254.95	-0.0808752
-851	0	6256.65	-0.0782016
-641	0	6256.95	-0.0794967
339	0	6257.15	0.831658
-616	0	6258.05	-0.0799254
-826	0	6259.5	-0.0793598
-16	0	6259.85	-0.0805313
287	0	6259.9	0.834063
684	0	6260.35	0.871168
-376	0	6260.75	-0.0770137
397	0	6260.9	0.865141
-646	0	6261.05	-0.0795682
-46	0	6262.5	-0.0812053
-526	0	6262.55	-0.0790562
774	0	6262.75	0.956316
782	0	6262.75	0.876827
-536	0	6262.85	-0.0815469
-916	0	6262.95	-0.0828817
-111	0	6263.15	-0.0845068
905	0	6264.1	0.930644
-416	0	6265.8	-0.0771749
-6	0	6266.2	-0.0780795
-246	0	6267	-0.0792212
-511	0	6268.4	-0.0765464
-356	0	6268.75	-0.0808775
742	1	6271.7	0.994063
-791	0	6272.5	-0.077511
452	0	6273.05	0.82868
-61	0	6273.4	-0.0771356
155	0	6273.45	0.823818
707	0	6274.55	0.930142
-181	0	6274.85	-0.0769785
-126	0	6275.5	-0.083321
-146	0	6275.75	-0.0784502
-176	0	6276.45	-0.0825479
239	0	6277.95	0.9645
-291	0	6278.15	-0.0799081
-541	0	6281	-0.0848715
-576	0	6281.65	-0.079113
748	0	6282.45	0.826888
505	1	6282.85	0.881437
-56	0	6282.9	-0.080435
-101	0	6283.15	-0.0775992
5	0	6283.2	0.83643
-336	0	6286.05	-0.0799132
73	0	6286.55	0.97591
122	0	6286.95	0.849016
-976	0	6287.45	-0.0797529
-286	0	6287.85	-0.077232
919	0	6287.9	0.917988
-276	0	6287.95	-0.0811376
-656	0	6290.65	-0.0765688
-601	0	6291.3	-0.0785986
-281	0	6291.5	-0.0805367
195	0	6291.6	0.900344
582	0	6292.3	0.968416
-371	0	6292.9	-0.0794672
-651	0	6293.65	-0.0827414
-271	0	6294.2	-0.0807645
-156	0	6294.55	-0.0781798
-251	0	6295.5	-0.0783681
-731	0	6296.4	-0.0811173
313	0	6296.6	0.820584
-766	0	6297.3	-0.0770496
575	1	6298.4	1.00517
-381	0	6298.65	-0.0803196
414	0	6299.7	0.990072
937	0	6300.25	0.894348
-196	0	6300.3	-0.0838449
-226	0	6300.85	-0.0770133
-131	0	6301.2	-0.0772579
-141	0	6301.5	-0.0811787
-761	0	6301.7	-0.0797057
-121	0	6303.45	-0.0835948
-116	0	6303.8	-0.0815336
-571	0	6303.95	-0.0819962
925	0	6303.95	0.976475
-591	0	6304.95	-0.0809034
267	1	6307.65	0.938209
-981	0	6308.35	-0.0827686
-651	0	6309.15	-0.0827414
-386	0	6309.45	-0.0831136
492	0	6309.65	0.981258
-556	0	6309.95	-0.0824869
-261	0	6311	-0.0795354
-216	0	6311.05	-0.0834045
-91	0	6311.5	-0.0810705
793	0	6311.9	0.869354
310	0	6312.65	0.863676
-911	0	6314.6	-0.0797632
-831	0	6314.85	-0.0797311
-231	0	6315.75	-0.0773968
-266	0	6316.5	-0.0767515
-51	0	6316.6	-0.0785664
-496	0	6316.75	-0.0798812
-106	0	6318.8	-0.0831692
-316	0	6319.55	-0.0785766
-291	0	6319.7	-0.0799081
699	1	6320.5	0.952814
-551	0	6321.9	-0.0847276
265	0	6322.8	0.955727
-771	0	6323	-0.0785831
1000	1	6326.1	0.951631
480	0	6328.3	0.940162
639	0	6328.5	0.951867
-166	0	6328.7	-0.0765215
-526	0	6329.05	-0.0790562
105	0	6330.1	0.867062
224	0	6330.35	0.956844
-776	0	6331.15	-0.0789671
-81	0	6331.35	-0.0847001
-271	0	6332.3	-0.0807645
-71	0	6333	-0.0815511
-236	0	6333.25	-0.0770367
930	0	6334.45	1.00986
232	0	6335.15	0.892898
59	1	6335.35	0.96259
-411	0	6336.65	-0.0843365
-816	0	6337.05	-0.0816677
-546	0	6337.25	-0.0830937
-746	0	6337.9	-0.0848622
-831	0	6341	-0.0797311
-596	0	6343.2	-0.0828172
554	0	6343.85	1.00152
205	1	6346.2	0.891608
219	0	6346.35	0.88136
-466	0	6350.75	-0.078827
959	1	6352	0.819611
-671	0	6352.95	-0.079878
62	1	6353.65	0.958963
-321	0	6354.8	-0.0806263
-971	0	6355.15	-0.0823403
-966	0	6355.7	-0.0818855
-856	0	6356.25	-0.0847993
685	0	6356.3	0.903161
-431	0	6356.95	-0.0798181
-96	0	6360.4	-0.0804835
307	0	6360.8	0.988243
-221	0	6362.4	-0.0841279
428	0	6362.95	0.846389
-581	0	6364.75	-0.0791856
600	0	6367.6	0.968586
397	0	6367.75	0.865141
-811	0	6369.85	-0.0849019
-426	0	6370.95	-0.0787633
-871	0	6372.05	-0.0783397
229	0	6373.5	0.818686
-951	0	6374.75	-0.0802364
830	0	6375.25	0.922838
88	0	6375.9	0.83961
437	0	6381	0.843332
369	0	6381.25	0.941732
-621	0	6381.35	-0.0812565
100	0	6381.9	0.943445
430	0	6382.5	0.990628
-301	0	6383.05	-0.0846197
759	0	6383.2	1.00731
-961	0	6383.45	-0.0841584
890	0	6384.15	0.908528
-796	0	6384.95	-0.0812504
482	1	6385.35	0.95927
-611	0	6385.9	-0.0772664
823	0	6386.25	0.902203
938	0	6389.85	0.852747
202	0	6391.05	0.873671
65	0	6391.75	0.994229
948	0	6393.45	0.952833
-506	0	6394.5	-0.0771154
-26	0	6394.85	-0.0793373
925	0	6394.9	0.976475
982	0	6395.9	1.00124
138	0	6396.9	1.00346
354	0	6400.65	0.96164
780	0	6402.3	0.978066
475	0	6403.05	0.958366
757	0	6403.85	0.89094
418	0	6404.95	0.888905
-331	0	6409.3	-0.0841009
815	1	6412.7	0.810701
-66	0	6414.45	-0.0775798
-991	0	6415.75	-0.0840959
860	1	6416.55	0.959013
-161	0	6416.95	-0.0819921
-846	0	6417.2	-0.0777604
-116	0	6417.25	-0.0815336
-491	0	6418.95	-0.0766208
-721	0	6419.2	-0.0839059
-211	0	6420.7	-0.0778001
-726	0	6420.85	-0.0786959
119	0	6421.15	0.92566
78	0	6421.5	0.861709
282	0	6421.65	0.864616
-666	0	6422.7	-0.0777121
-706	0	6427.5	-0.0839082
357	0	6430.9	0.863267
-931	0	6433.45	-0.0772379
-676	0	6433.75	-0.078342
-996	0	6433.95	-0.0817976
-151	0	6434.7	-0.081628
-836	0	6435.65	-0.0821486
60	0	6435.8	1.00786
709	0	6436	0.901047
-901	0	6437.25	-0.0822512
869	0	6437.7	0.984764
57	0	6440.9	0.866101
-736	0	6441.8	-0.0768452
-111	0	6443.65	-0.0845068
203	1	6444.65	0.934563
354	0	6444.8	0.96164
-501	0	6445.85	-0.0796952
-786	0	6446	-0.081093
-171	0	6446.45	-0.0786079
514	1	6446.9	1.00778
-821	0	6447.6	-0.0847717
-956	0	6448.25	-0.0796441
-256	0	6448.65	-0.082025
597	0	6449.35	1.0035
-41	0	6449.75	-0.0829992
-696	0	6450.55	-0.0805367
-486	0	6450.85	-0.078188
-391	0	6450.9	-0.0775824
-346	0	6452.25	-0.0778186
-471	0	6452.65	-0.0805208
-751	0	6452.7	-0.0777958
-401	0	6453.1	-0.0792779
224	0	6453.45	0.956844
-586	0	6454	-0.0793965
-306	0	6454.5	-0.0846999
-691	0	6454.6	-0.0789799
-76	0	6454.8	-0.0789757
857	0	6455.15	0.939215
684	0	6455.35	0.871168
-376	0	6456.05	-0.0770137
-841	0	6457.35	-0.0812881
-881	0	6458.8	-0.0815229
-366	0	6460.55	-0.0768923
167	0	6461.55	0.913174
60	0	6461.7	1.00786
-561	0	6462.25	-0.083055
-341	0	6462.8	-0.082058
142	0	6464.35	0.919879
-456	0	6465.05	-0.0769926
-791	0	6465.25	-0.077511
-806	0	6467.25	-0.0778009
-406	0	6467.8	-0.0812778
-756	0	6467.95	-0.0779594
404	0	6468.7	0.879241
-21	0	6471.15	-0.0792088
429	0	6472.6	0.997286
-941	0	6473.1	-0.081108
947	1	6474.4	0.860641
-36	0	6474.9	-0.0787767
-421	0	6474.9	-0.0794879
-101	0	6475.75	-0.0775992
-681	0	6475.9	-0.0810801
-446	0	6476.55	-0.0821045
298	0	6477.15	0.894365
373	0	6477.2	0.925777
-451	0	6477.5	-0.0844371
-711	0	6478.5	-0.0787436
-906	0	6479.7	-0.0793143
824	0	6479.95	0.984292
-826	0	6480.35	-0.0793598
-656	0	6480.4	-0.0765688
-201	0	6481.85	-0.0813878
-296	0	6481.95	-0.0828269
-626	0	6482.15	-0.0816633
993	0	6483.2	1.00073
-896	0	6483.85	-0.0771202
-576	0	6484.25	-0.079113
390	0	6484.6	0.909028
-141	0	6485.65	-0.0811787
-301	0	6485.65	-0.0846197
-331	0	6485.8	-0.0841009
-781	0	6486.5	-0.0830612
-531	0	6486.6	-0.081802
829	0	6487.8	0.878248
-866	0	6489.7	-0.0779638
508	0	6489.85	0.886812
-461	0	6489.95	-0.0829821
544	0	6490.3	0.819106
-31	0	6490.45	-0.077346
209	0	6491.55	0.845216
39	0	6491.65	0.824339
-641	0	6492	-0.0794967
-886	0	6492.2	-0.0784097
-441	0	6493.5	-0.0807734
823	0	6493.65	0.902203
-601	0	6493.7	-0.0785986
-356	0	6494.4	-0.0808775
-631	0	6494.4	-0.0822924
-636	0	6497.55	-0.0801469
-351	0	6497.75	-0.0771377
-16	0	6498.75	-0.0805313
-11	0	6501.1	-0.0836125
704	0	6501.6	0.865425
-181	0	6501.85	-0.0769785
-926	0	6502.8	-0.0811843
-56	0	6503.15	-0.080435
333	0	6503.45	0.947412
-191	0	6503.55	-0.081492
-721	0	6504.2	-0.0839059
344	0	6504.35	0.871376
339	0	6504.5	0.831658
-771	0	6504.7	-0.0785831
-1	0	6505.4	-0.0837104
-326	0	6506	-0.0842779
-416	0	6506.6	-0.0771749
-246	0	6507.3	-0.0792212
-891	0	6507.7	-0.0837432
-61	0	6508.3	-0.0771356
298	0	6508.5	0.894365
-551	0	6509.35	-0.0847276
-546	0	6509.8	-0.0830937
-511	0	6510.6	-0.0765464
-646	0	6510.9	-0.0795682
78	0	6511.75	0.861709
-851	0	6512.45	-0.0782016
-921	0	6514.1	-0.0788498
-911	0	6514.15	-0.0797632
997	0	6515.6	0.93233
735	0	6515.95	1.0065
-276	0	6516.05	-0.0811376
-371	0	6516.5	-0.0794672
-186	0	6517.15	-0.0808776
-711	0	6517.4	-0.0787436
239	0	6518.8	0.9645
-601	0	6518.9	-0.0785986
594	1	6519.65	0.91534
-286	0	6520.2	-0.077232
-801	0	6520.5	-0.0809531
-701	0	6520.75	-0.0845138
-146	0	6520.85	-0.0784502
59	1	6520.9	0.96259
493	0	6521	0.96621
290	0	6521.45	0.822351
-711	0	6521.55	-0.0787436
-566	0	6521.9	-0.0800418
134	1	6522.4	0.882872
-741	0	6522.9	-0.0829428
652	0	6525.75	0.868545
-861	0	6527.75	-0.0784154
-266	0	6527.8	-0.0767515
394	0	6527.85	0.926246
953	1	6528.05	0.942566
-616	0	6528.35	-0.0799254
-156	0	6528.55	-0.0781798
684	0	6529.7	0.871168
-46	0	6533.5	-0.0812053
997	0	6534.4	0.93233
-6	0	6534.5	-0.0780795
-206	0	6534.8	-0.0804129
479	0	6535.15	0.882855
-536	0	6535.2	-0.0815469
80	0	6536.35	0.931962
-661	0	6537.85	-0.0841155
-436	0	6538.6	-0.0805416
417	0	6539.35	0.971253
-381	0	6541.3	-0.0803196
-496	0	6541.5	-0.0798812
-776	0	6542.4	-0.0789671
-481	0	6542.75	-0.0808752
-986	0	6543.35	-0.0788605
-711	0	6544.1	-0.0787436
-131	0	6544.15	-0.0772579
858	0	6544.3	0.998966
-361	0	6544.55	-0.0778217
-91	0	6545.05	-0.0810705
-761	0	6545.7	-0.0797057
-261	0	6545.8	-0.0795354
243	0	6546.5	0.998823
-386	0	6546.65	-0.0831136
978	1	6546.7	0.921019
774	0	6547.3	0.956316
-241	0	6549.7	-0.077452
48	0	6550.3	0.952584
898	0	6551.2	0.926921
365	0	6551.7	0.949522
-976	0	6552.3	-0.0797529
-676	0	6552.5	-0.078342
804	0	6552.95	0.997617
-186	0	6554.1	-0.0808776
135	0	6554.85	0.855232
148	0	6557.05	0.919207
-516	0	6558.4	-0.0815854
485	0	6558.45	0.969555
-946	0	6558.45	-0.083348
-231	0	6560.6	-0.0773968
-251	0	6564.2	-0.0783681
-476	0	6565.55	-0.0809996
864	0	6568.85	1.0031
-151	0	6570.8	-0.081628
-681	0	6571.25	-0.0810801
77	0	6572.45	0.862175
-591	0	6572.9	-0.0809034
-196	0	6573.3	-0.0838449
978	1	6574	0.921019
-311	0	6574.55	-0.0830507
828	0	6575.15	0.944294
-571	0	6575.7	-0.0819962
572	0	6576.4	0.905032
754	0	6576.95	0.886576
392	0	6578.5	0.999503
-346	0	6580.05	-0.0778186
160	0	6581.2	0.840466
505	1	6581.5	0.881437
-166	0	6581.8	-0.0765215
459	0	6582.55	0.99826
587	0	6583	0.997733
469	0	6584.45	0.898455
-316	0	6585.1	-0.0785766
804	0	6586	0.997617
350	0	6589.3	0.880249
177	1	6589.8	0.912743
-136	0	6592.7	-0.0849196
-981	0	6593.9	-0.0827686
-606	0	6594.3	-0.0830903
-81	0	6594.5	-0.0847001
-281	0	6594.55	-0.0805367
708	0	6595.05	1.00964
283	0	6596.9	0.95034
490	1	6597.2	0.992185
990	0	6597.25	0.992478
-236	0	6598.1	-0.0770367
-21	0	6599.65	-0.0792088
513	1	6601.7	0.81919
-176	0	6602.2	-0.0825479
-71	0	6603.15	-0.0815511
868	0	6603.2	0.842688
934	0	6603.3	0.900739
689	0	6607.1	0.861967
-111	0	6607.45	-0.0845068
805	0	6608.7	0.943984
-96	0	6610.35	-0.0804835
-751	0	6610.35	-0.0777958
23	1	6611.9	0.859405
-226	0	6617.3	-0.0770133
194	0	6617.65	0.90483
-456	0	6618.05	-0.0769926
-466	0	6619.15	-0.078827
-426	0	6619.5	-0.0787633
32	0	6621.95	0.970691
-731	0	6622.45	-0.0811173
148	0	6628.05	0.919207
-816	0	6628.4	-0.0816677
72	0	6630.05	0.894659
473	0	6630.1	0.964237
112	0	6631.1	0.993601
-871	0	6631.7	-0.0783397
-936	0	6632.65	-0.078665
-246	0	6632.7	-0.0792212
-686	0	6633.25	-0.0848573
-876	0	6633.35	-0.0832657
914	0	6635.05	1.00684
643	1	6635.9	0.868438
-106	0	6636.45	-0.0831692
735	0	6636.6	1.0065
150	1	6638.45	0.921179
-521	0	6641.25	-0.0829154
-856	0	6641.45	-0.0847993
-491	0	6643.5	-0.0766208
517	0	6643.85	0.829775
912	1	6644.4	0.888747
-611	0	6645.4	-0.0772664
-811	0	6646.45	-0.0849019
-716	0	6650.25	-0.0809918
290	0	6650.95	0.822351
-221	0	6652.35	-0.0841279
157	0	6653.65	0.890616
-966	0	6655.1	-0.0818855
189	0	6656.05	0.9458
-981	0	6656.2	-0.0827686
118	0	6657.95	0.838067
648	0	6659.85	0.878227
-746	0	6660.75	-0.0848622
-336	0	6662.35	-0.0799132
948	0	6662.65	0.952833
-531	0	6663.05	-0.081802
220	1	6663.8	0.959709
-216	0	6664.85	-0.0834045
359	1	6664.9	0.966648
612	0	6666.65	0.890859
-51	0	6668.15	-0.0785664
-211	0	6668.75	-0.0778001
163	0	6672.5	0.857542
-771	0	6675.3	-0.0785831
-971	0	6676	-0.0823403
318	0	6677.85	0.877815
114	0	6678.15	0.892961
-411	0	6678.8	-0.0843365
139	0	6678.9	1.00719
-506	0	6679.05	-0.0771154
-321	0	6679.5	-0.0806263
-931	0	6679.9	-0.0772379
-401	0	6680.45	-0.0792779
-511	0	6681.75	-0.0765464
368	1	6682.2	0.838303
-291	0	6683.5	-0.0799081
762	0	6684.2	1.00935
-666	0	6684.3	-0.0777121
802	0	6684.35	0.906482
-501	0	6684.45	-0.0796952
797	0	6684.5	0.938539
-886	0	6684.85	-0.0784097
-86	0	6684.9	-0.0796585
553	0	6684.95	0.866503
-616	0	6685.35	-0.0799254
183	0	6687.1	0.869128
-621	0	6687.95	-0.0812565
59	1	6688.35	0.96259
-556	0	6689.3	-0.0824869
-691	0	6689.35	-0.0789799
-51	0	6690.75	-0.0785664
375	0	6690.95	0.9521
779	0	6691.55	0.824165
-726	0	6691.85	-0.0786959
-766	0	6691.95	-0.0770496
309	1	6692.25	0.914248
-656	0	6692.3	-0.0765688
70	0	6693.2	0.993686
183	0	6693.2	0.869128
-376	0	6693.35	-0.0770137
-916	0	6693.7	-0.0828817
-581	0	6694.8	-0.0791856
-6	0	6695.95	-0.0780795
319	1	6696	0.871011
368	1	6697.4	0.838303
-796	0	6698.15	-0.0812504
683	0	6699.25	0.841815
-541	0	6699.85	-0.0848715
-406	0	6700.45	-0.0812778
-121	0	6701.8	-0.0835948
273	0	6702.4	0.827102
-366	0	6702.7	-0.0768923
-421	0	6702.85	-0.0794879
-396	0	6703.9	-0.082925
770	0	6703.95	0.832638
-431	0	6704.15	-0.0798181
365	0	6704.55	0.949522
-896	0	6705.4	-0.0771202
893	1	6705.85	0.902019
-26	0	6706.2	-0.0793373
-576	0	6706.4	-0.079113
-826	0	6707.25	-0.0793598
-66	0	6707.7	-0.0775798
-951	0	6707.75	-0.0802364
-736	0	6708.65	-0.0768452
-131	0	6709.45	-0.0772579
753	0	6709.7	0.871657
-786	0	6709.85	-0.081093
-271	0	6710.35	-0.0807645
-471	0	6711.4	-0.0805208
490	1	6711.8	0.992185
-526	0	6712.4	-0.0790562
834	0	6713.25	0.889806
-61	0	6713.55	-0.0771356
567	0	6713.65	0.86629
940	0	6713.65	0.97054
-661	0	6713.8	-0.0841155
-446	0	6713.85	-0.0821045
-846	0	6714.6	-0.0777604
-806	0	6716.7	-0.0778009
-101	0	6717	-0.0775992
-36	0	6717.45	-0.0787767
680	1	6717.5	0.850674
-761	0	6718.05	-0.0797057
-596	0	6718.4	-0.0828172
-391	0	6718.7	-0.0775824
-641	0	6718.9	-0.0794967
-266	0	6719.6	-0.0767515
-16	0	6719.95	-0.0805313
960	0	6720.55	0.84097
-956	0	6721.2	-0.0796441
614	1	6721.5	0.999864
-241	0	6722.3	-0.077452
-711	0	6722.35	-0.0787436
-941	0	6722.4	-0.081108
-181	0	6722.5	-0.0769785
-356	0	6722.5	-0.0808775
645	0	6722.7	0.867197
963	1	6724.4	0.9193
108	0	6726.4	0.984026
-756	0	6727.1	-0.0779594
553	0	6727.7	0.866503
198	0	6728.5	0.8383
-911	0	6728.5	-0.0797632
740	0	6729.3	0.882006
-791	0	6729.5	-0.077511
-31	0	6730.65	-0.077346
317	0	6731.5	0.818626
915	0	6732.6	0.985679
-871	0	6732.65	-0.0783397
195	0	6733.1	0.900344
83	1	6733.15	0.908991
-286	0	6733.3	-0.077232
18	0	6733.75	0.96446
-801	0	6736.1	-0.0809531
-831	0	6736.35	-0.0797311
344	0	6737.75	0.871376
162	0	6738.85	0.883324
913	1	6739.15	0.853643
854	0	6739.85	0.86649
-586	0	6741	-0.0793965
-776	0	6742.8	-0.0789671
55	0	6743.1	0.841496
-881	0	6743.35	-0.0815229
-636	0	6743.4	-0.0801469
248	0	6743.8	0.863298
-841	0	6744.15	-0.0812881
-486	0	6745.55	-0.078188
720	1	6745.65	0.983782
-126	0	6746.35	-0.083321
478	0	6747.1	0.893287
-906	0	6747.5	-0.0793143
899	0	6748.15	0.925779
682	0	6748.25	0.876959
-491	0	6749.05	-0.0766208
-671	0	6749.1	-0.079878
-296	0	6751.75	-0.0828269
-76	0	6752.65	-0.0789757
-236	0	6753.85	-0.0770367
940	0	6754.5	0.97054
-996	0	6754.85	-0.0817976
-296	0	6755.5	-0.0828269
-566	0	6757.45	-0.0800418
-276	0	6757.9	-0.0811376
-351	0	6758	-0.0771377
94	0	6758.9	0.871851
-56	0	6759.3	-0.080435
-141	0	6759.95	-0.0811787
-741	0	6760.9	-0.0829428
-111	0	6761	-0.0845068
-861	0	6761.15	-0.0784154
-386	0	6764.5	-0.0831136
-631	0	6764.75	-0.0822924
-741	0	6765.9	-0.0829428
87	1	6766.7	0.987097
28	0	6766.75	0.865768
-271	0	6768.1	-0.0807645
-96	0	6769.1	-0.0804835
-416	0	6769.45	-0.0771749
-146	0	6769.5	-0.0784502
752	1	6769.65	0.849478
560	0	6769.7	0.914791
-161	0	6770.25	-0.0819921
-371	0	6771.15	-0.0794672
490	1	6771.8	0.992185
-91	0	6772.6	-0.0810705
-156	0	6773	-0.0781798
-116	0	6773.4	-0.0815336
-436	0	6774.55	-0.0805416
-616	0	6777.5	-0.0799254
-626	0	6778.35	-0.0816633
900	1	6781.4	0.990817
-171	0	6781.8	-0.0786079
-901	0	6781.85	-0.0822512
-926	0	6782.35	-0.0811843
-481	0	6784.55	-0.0808752
-441	0	6785.05	-0.0807734
-191	0	6785.1	-0.081492
552	0	6785.8	0.987162
-261	0	6786.15	-0.0795354
-696	0	6788.95	-0.0805367
365	0	6789.2	0.949522
-311	0	6790.4	-0.0830507
68	1	6790.6	0.969133
-256	0	6792.15	-0.082025
215	0	6792.6	0.935815
-361	0	6793.1	-0.0778217
768	0	6793.3	0.893365
34	0	6793.35	0.927989
914	0	6793.8	1.00684
-921	0	6793.85	-0.0788498
642	0	6793.95	0.888186
-496	0	6794.2	-0.0798812
979	0	6794.85	0.997253
448	1	6795.55	0.909978
554	0	6795.65	1.00152
-751	0	6795.9	-0.0777958
783	0	6796.35	0.947645
-201	0	6799.3	-0.0813878
719	0	6799.3	0.907597
40	0	6799.7	0.860899
180	1	6800.15	0.889155
-46	0	6802.35	-0.0812053
-651	0	6802.85	-0.0827414
325	1	6804	0.932065
32	0	6805.35	0.970691
260	0	6807.8	0.904282
-866	0	6807.85	-0.0779638
-561	0	6808.2	-0.083055
-516	0	6810.25	-0.0815854
304	1	6811.85	0.887357
-781	0	6811.9	-0.0830612
379	0	6814.7	0.983622
422	1	6816.75	0.852424
-986	0	6817.45	-0.0788605
-381	0	6817.5	-0.0803196
-976	0	6818.05	-0.0797529
768	0	6819.7	0.893365
-851	0	6820.05	-0.0782016
-206	0	6821.5	-0.0804129
-836	0	6822.2	-0.0821486
297	1	6823	0.986137
-1	0	6823.15	-0.0837104
-341	0	6827.7	-0.082058
-251	0	6827.75	-0.0783681
-701	0	6827.95	-0.0845138
419	1	6828.1	0.831719
-476	0	6829.35	-0.0809996
995	1	6830.6	0.833522
-231	0	6830.75	-0.0773968
752	1	6832.15	0.849478
864	0	6833.2	1.0031
-706	0	6833.5	-0.0839082
455	0	6834	0.872414
-451	0	6834.55	-0.0844371
-646	0	6834.75	-0.0795682
-166	0	6836.7	-0.0765215
-901	0	6838.1	-0.0822512
667	1	6839.2	0.876922
837	0	6839.35	0.857409
764	1	6840.3	0.92477
533	0	6842.45	0.828634
618	0	6842.5	0.987122
29	0	6843.3	0.935048
-11	0	6844.5	-0.0836125
483	0	6845.45	0.858901
534	0	6847.2	0.964961
-106	0	6849.65	-0.0831692
-891	0	6850.05	-0.0837432
-316	0	6850.35	-0.0785766
372	1	6853.55	0.983432
35	1	6855.3	0.891833
290	0	6856.15	0.822351
-366	0	6858.2	-0.0768923
655	1	6865.35	0.875406
758	0	6865.65	0.849997
945	0	6865.7	0.822724
423	0	6867.35	0.974611
835	0	6868.15	0.825588
-591	0	6869.55	-0.0809034
-481	0	6870.65	-0.0808752
847	0	6871.55	0.89812
-601	0	6871.95	-0.0785986
-136	0	6872.45	-0.0849196
-196	0	6872.55	-0.0838449
258	0	6873.15	1.00843
375	0	6873.9	0.9521
963	1	6877.6	0.9193
-666	0	6877.75	-0.0777121
-611	0	6881.35	-0.0772664
-41	0	6882.35	-0.0829992
-991	0	6883.1	-0.0840959
-631	0	6884.8	-0.0822924
-786	0	6885.15	-0.081093
942	0	6889.4	0.829166
-326	0	6889.55	-0.0842779
-406	0	6890.85	-0.0812778
80	0	6891.15	0.931962
-976	0	6892.05	-0.0797529
-461	0	6892.5	-0.0829821
725	1	6892.75	0.959262
-346	0	6895.15	-0.0778186
83	1	6896	0.908991
-531	0	6896.8	-0.081802
-771	0	6899.5	-0.0785831
630	0	6899.75	0.842787
17	1	6899.9	0.920967
183	0	6900.1	0.869128
302	0	6901.2	0.811078
907	1	6901.85	0.974673
-856	0	6903.75	-0.0847993
-571	0	6903.85	-0.0819962
-386	0	6904.1	-0.0831136
-946	0	6904.25	-0.083348
-281	0	6904.7	-0.0805367
-731	0	6906.75	-0.0811173
885	1	6906.9	0.812734
-526	0	6907.05	-0.0790562
-306	0	6907.75	-0.0846999
-226	0	6908.15	-0.0770133
122	0	6908.5	0.849016
429	0	6908.65	0.997286
320	0	6909.1	0.929987
-546	0	6909.8	-0.0830937
564	1	6910.15	0.904276
-931	0	6910.45	-0.0772379
7	1	6911.05	0.909041
-241	0	6912.55	-0.077452
-376	0	6913.85	-0.0770137
-81	0	6914.55	-0.0847001
753	0	6914.65	0.871657
-466	0	6915.7	-0.078827
-676	0	6915.7	-0.078342
-286	0	6916.25	-0.077232
-961	0	6917.1	-0.0841584
745	0	6918	0.81868
125	0	6918.15	0.937914
504	0	6918.15	0.831024
-511	0	6918.2	-0.0765464
-656	0	6918.35	-0.0765688
-71	0	6919.8	-0.0815511
-506	0	6920	-0.0771154
-221	0	6920.2	-0.0841279
-501	0	6920.6	-0.0796952
-266	0	6920.75	-0.0767515
-301	0	6921.15	-0.0846197
-421	0	6922	-0.0794879
447	0	6922.05	0.936552
-636	0	6922.55	-0.0801469
687	0	6922.6	0.907057
-956	0	6924.4	-0.0796441
-816	0	6924.5	-0.0816677
452	0	6924.9	0.82868
-606	0	6925.2	-0.0830903
-176	0	6926.1	-0.0825479
-936	0	6926.95	-0.078665
-356	0	6927.1	-0.0808775
-456	0	6927.1	-0.0769926
813	1	6929.2	0.82366
119	0	6929.25	0.92566
-131	0	6929.3	-0.0772579
904	0	6929.4	0.853684
-426	0	6929.5	-0.0787633
652	0	6931.25	0.868545
-536	0	6931.3	-0.0815469
-391	0	6931.8	-0.0775824
317	0	6933.75	0.818626
-401	0	6934.95	-0.0792779
-211	0	6936.4	-0.0778001
-26	0	6937.2	-0.0793373
955	0	6938.2	0.842351
-76	0	6938.35	-0.0789757
952	0	6939.8	0.990231
-471	0	6940.15	-0.0805208
-121	0	6940.95	-0.0835948
-736	0	6941.35	-0.0768452
-806	0	6943.9	-0.0778009
699	1	6944.4	0.952814
-431	0	6945.15	-0.0798181
-901	0	6946	-0.0822512
-186	0	6948.3	-0.0808776
134	1	6948.6	0.882872
532	0	6950.7	0.899915
-896	0	6951.15	-0.0771202
-766	0	6951.4	-0.0770496
-846	0	6951.55	-0.0777604
637	0	6951.6	0.839555
-951	0	6952.3	-0.0802364
-791	0	6952.65	-0.077511
-711	0	6952.8	-0.0787436
429	0	6953	0.997286
-156	0	6955.2	-0.0781798
148	0	6955.3	0.919207
203	1	6955.7	0.934563
772	0	6956.45	0.939431
985	0	6957.15	0.963169
-916	0	6957.2	-0.0828817
-351	0	6957.3	-0.0771377
-906	0	6958.35	-0.0793143
-101	0	6958.8	-0.0775992
-726	0	6960.2	-0.0786959
-446	0	6960.55	-0.0821045
-16	0	6961.65	-0.0805313
-786	0	6961.85	-0.081093
-141	0	6962.1	-0.0811787
-826	0	6962.7	-0.0793598
892	0	6963.1	0.999409
-31	0	6963.65	-0.077346
377	0	6965.65	0.933134
-776	0	6965.75	-0.0789671
-336	0	6966.15	-0.0799132
-181	0	6966.55	-0.0769785
-931	0	6967.25	-0.0772379
-371	0	6967.4	-0.0794672
-21	0	6967.7	-0.0792088
-581	0	6968.45	-0.0791856
-551	0	6969.7	-0.0847276
-686	0	6970.35	-0.0848573
-66	0	6971.2	-0.0775798
-756	0	6971.7	-0.0779594
790	0	6973.8	0.932432
710	0	6973.85	0.96342
-876	0	6973.85	-0.0832657
-291	0	6976.15	-0.0799081
-596	0	6976.65	-0.0828172
67	0	6976.85	0.941695
-36	0	6976.9	-0.0787767
-606	0	6977.3	-0.0830903
180	1	6977.5	0.889155
-696	0	6978.35	-0.0805367
-276	0	6978.9	-0.0811376
-691	0	6979.65	-0.0789799
962	0	6983.05	0.904341
-796	0	6984	-0.0812504
-436	0	6984.3	-0.0805416
894	1	6984.3	0.942746
-151	0	6984.45	-0.081628
-491	0	6984.6	-0.0766208
-61	0	6986.6	-0.0771356
-321	0	6986.85	-0.0806263
447	0	6988.9	0.936552
-91	0	6989	-0.0810705
-681	0	6989.75	-0.0810801
-671	0	6990.45	-0.079878
-766	0	6990.8	-0.0770496
-716	0	6991	-0.0809918
-416	0	6992.8	-0.0771749
-811	0	6993.15	-0.0849019
375	0	6993.3	0.9521
-586	0	6994.15	-0.0793965
508	0	6994.75	0.886812
-926	0	6995.1	-0.0811843
-521	0	6995.35	-0.0829154
518	1	6995.95	0.982078
-761	0	6996.9	-0.0797057
-971	0	6997.15	-0.0823403
248	0	6997.3	0.863298
14	0	6997.35	0.834542
-966	0	6997.65	-0.0818855
-621	0	6997.7	-0.0812565
775	1	6998.1	0.83246
-721	0	6998.2	-0.0839059
